-2.0 -2.309401076758503 0.9547551645308324 0.9547554127970821
-2.0 -2.116950987028628 0.9029644166095837 0.9029648369764589
-2.0 -1.9245008972987525 0.006838356484583282 0.006838310476458293
-2.0 -1.7320508075688772 0.00762473928083335 0.007624687297083314
-2.0 -1.539600717839002 0.006838356484583162 0.006838310476458156
-2.0 -1.3471506281091268 0.9029644166095834 0.9029648369764576
-2.0 -1.1547005383792515 0.9547551645308324 0.9547554127970821
-2.0 -0.9622504486493763 0.9029644166095834 0.9029648369764586
-2.0 -0.769800358919501 0.006838356484583284 0.0068383104764582975
-2.0 -0.5773502691896257 0.00762473928083335 0.007624687297083314
-2.0 -0.3849001794597505 0.00683835648458299 0.006838310476457996
-2.0 -0.19245008972987526 0.9029644166095835 0.9029648369764579
-2.0 0.0 0.9547551645308324 0.9547554127970821
-2.0 0.19245008972987526 0.902964416609583 0.902964836976458
-2.0 0.3849001794597505 0.006838356484583016 0.006838310476457997
-2.0 0.5773502691896257 0.00762473928083335 0.007624687297083314
-2.0 0.769800358919501 0.006838356484583305 0.006838310476458281
-2.0 0.9622504486493763 0.9029644166095839 0.9029648369764586
-2.0 1.1547005383792515 0.9547551645308324 0.9547554127970821
-2.0 1.3471506281091268 0.9029644166095833 0.9029648369764577
-2.0 1.539600717839002 0.006838356484583152 0.0068383104764581665
-2.0 1.7320508075688772 0.00762473928083335 0.007624687297083314
-2.0 1.9245008972987525 0.006838356484583294 0.006838310476458296
-2.0 2.116950987028628 0.9029644166095833 0.9029648369764584
-2.0 2.309401076758503 0.9547551645308324 0.9547554127970821
-1.9166666666666667 -2.309401076758503 0.9538288211887719 0.9538289547652886
-1.9166666666666667 -2.116950987028628 0.911973047395899 0.9119728735134893
-1.9166666666666667 -1.9245008972987525 0.006603998294759692 0.006603999131826414
-1.9166666666666667 -1.7320508075688772 0.007104106255838091 0.0071040755971220285
-1.9166666666666667 -1.539600717839002 0.006665766558942554 0.006665797910584476
-1.9166666666666667 -1.3471506281091268 0.9119524444304767 0.9119523480861451
-1.9166666666666667 -1.1547005383792515 0.9538288211887705 0.9538289547652881
-1.9166666666666667 -0.9622504486493763 0.911973047395899 0.9119728735134898
-1.9166666666666667 -0.769800358919501 0.006603998294760109 0.006603999131826822
-1.9166666666666667 -0.5773502691896257 0.007104106255838374 0.007104075597122273
-1.9166666666666667 -0.3849001794597505 0.006665766558942938 0.006665797910584855
-1.9166666666666667 -0.19245008972987526 0.9119524444304763 0.9119523480861447
-1.9166666666666667 0.0 0.9538288211887712 0.9538289547652891
-1.9166666666666667 0.19245008972987526 0.9119730473958992 0.9119728735134893
-1.9166666666666667 0.3849001794597505 0.006603998294760068 0.0066039991318267745
-1.9166666666666667 0.5773502691896257 0.00710410625583832 0.0071040755971222575
-1.9166666666666667 0.769800358919501 0.0066657665589429736 0.0066657979105848985
-1.9166666666666667 0.9622504486493763 0.9119524444304757 0.9119523480861443
-1.9166666666666667 1.1547005383792515 0.953828821188771 0.953828954765289
-1.9166666666666667 1.3471506281091268 0.9119730473958995 0.91197287351349
-1.9166666666666667 1.539600717839002 0.0066039982947597095 0.006603999131826423
-1.9166666666666667 1.7320508075688772 0.007104106255838095 0.0071040755971220546
-1.9166666666666667 1.9245008972987525 0.0066657665589425485 0.0066657979105844666
-1.9166666666666667 2.116950987028628 0.9119524444304755 0.9119523480861438
-1.9166666666666667 2.309401076758503 0.9538288211887715 0.9538289547652893
-1.8333333333333333 -2.309401076758503 0.943013409689505 0.9430135723345462
-1.8333333333333333 -2.116950987028628 0.5230797638715764 0.5230801316521028
-1.8333333333333333 -1.9245008972987525 0.007225401887134416 0.007225403877874388
-1.8333333333333333 -1.7320508075688772 0.007396989955493037 0.007396945259618672
-1.8333333333333333 -1.539600717839002 0.007176978805922605 0.007176967050814344
-1.8333333333333333 -1.3471506281091268 0.5232384720403661 0.523238767325042
-1.8333333333333333 -1.1547005383792515 0.943013409689505 0.9430135723345463
-1.8333333333333333 -0.9622504486493763 0.5230797638715765 0.5230801316521024
-1.8333333333333333 -0.769800358919501 0.007225401887134036 0.007225403877873989
-1.8333333333333333 -0.5773502691896257 0.007396989955493073 0.007396945259618712
-1.8333333333333333 -0.3849001794597505 0.00717697880592248 0.0071769670508142185
-1.8333333333333333 -0.19245008972987526 0.523238472040366 0.5232387673250419
-1.8333333333333333 0.0 0.9430134096895049 0.9430135723345462
-1.8333333333333333 0.19245008972987526 0.5230797638715765 0.5230801316521021
-1.8333333333333333 0.3849001794597505 0.007225401887134109 0.007225403877874088
-1.8333333333333333 0.5773502691896257 0.007396989955493075 0.0073969452596187105
-1.8333333333333333 0.769800358919501 0.007176978805922376 0.007176967050814111
-1.8333333333333333 0.9622504486493763 0.523238472040366 0.5232387673250422
-1.8333333333333333 1.1547005383792515 0.9430134096895053 0.9430135723345464
-1.8333333333333333 1.3471506281091268 0.5230797638715768 0.5230801316521027
-1.8333333333333333 1.539600717839002 0.007225401887134189 0.007225403877874148
-1.8333333333333333 1.7320508075688772 0.007396989955492997 0.007396945259618614
-1.8333333333333333 1.9245008972987525 0.007176978805922621 0.007176967050814369
-1.8333333333333333 2.116950987028628 0.5232384720403658 0.5232387673250422
-1.8333333333333333 2.309401076758503 0.943013409689505 0.9430135723345459
-1.75 -2.309401076758503 0.5257850965583684 0.5257851876341655
-1.75 -2.116950987028628 0.08373392533863443 0.08373377064894562
-1.75 -1.9245008972987525 0.008160111887911915 0.008160259446686701
-1.75 -1.7320508075688772 0.009286216296631131 0.009286147271667622
-1.75 -1.539600717839002 0.008189523351593855 0.008189540441092834
-1.75 -1.3471506281091268 0.08374144656686011 0.08374125955744136
-1.75 -1.1547005383792515 0.5257850965583685 0.5257851876341655
-1.75 -0.9622504486493763 0.08373392533863451 0.08373377064894574
-1.75 -0.769800358919501 0.008160111887911931 0.008160259446686708
-1.75 -0.5773502691896257 0.00928621629663124 0.00928614727166775
-1.75 -0.3849001794597505 0.008189523351593868 0.008189540441092843
-1.75 -0.19245008972987526 0.08374144656686028 0.08374125955744151
-1.75 0.0 0.5257850965583689 0.5257851876341656
-1.75 0.19245008972987526 0.08373392533863475 0.0837337706489462
-1.75 0.3849001794597505 0.008160111887912056 0.008160259446686854
-1.75 0.5773502691896257 0.009286216296631206 0.00928614727166768
-1.75 0.769800358919501 0.008189523351593633 0.008189540441092626
-1.75 0.9622504486493763 0.08374144656686003 0.08374125955744119
-1.75 1.1547005383792515 0.5257850965583689 0.5257851876341657
-1.75 1.3471506281091268 0.08373392533863463 0.08373377064894602
-1.75 1.539600717839002 0.008160111887912038 0.008160259446686847
-1.75 1.7320508075688772 0.009286216296631102 0.009286147271667577
-1.75 1.9245008972987525 0.008189523351593574 0.00818954044109257
-1.75 2.116950987028628 0.08374144656686003 0.08374125955744124
-1.75 2.309401076758503 0.5257850965583688 0.5257851876341656
-1.6666666666666667 -2.309401076758503 0.0503404607183332 0.05034074704708312
-1.6666666666666667 -2.116950987028628 0.03694347423458315 0.03694398191395817
-1.6666666666666667 -1.9245008972987525 0.008696459797083302 0.008696474288958296
-1.6666666666666667 -1.7320508075688772 0.01030706309333346 0.010307050547083427
-1.6666666666666667 -1.539600717839002 0.008674431359583661 0.008674439288958667
-1.6666666666666667 -1.3471506281091268 0.03694214954708335 0.03694257941395839
-1.6666666666666667 -1.1547005383792515 0.05034046071833324 0.05034074704708312
-1.6666666666666667 -0.9622504486493763 0.036943474234583516 0.03694398191395853
-1.6666666666666667 -0.769800358919501 0.00869645979708354 0.008696474288958533
-1.6666666666666667 -0.5773502691896257 0.010307063093333351 0.01030705054708336
-1.6666666666666667 -0.3849001794597505 0.00867443135958321 0.008674439288958209
-1.6666666666666667 -0.19245008972987526 0.03694214954708316 0.03694257941395814
-1.6666666666666667 0.0 0.05034046071833347 0.05034074704708336
-1.6666666666666667 0.19245008972987526 0.0369434742345831 0.036943981913958084
-1.6666666666666667 0.3849001794597505 0.008696459797083235 0.008696474288958212
-1.6666666666666667 0.5773502691896257 0.010307063093333346 0.010307050547083339
-1.6666666666666667 0.769800358919501 0.008674431359583505 0.008674439288958505
-1.6666666666666667 0.9622504486493763 0.03694214954708358 0.036942579413958634
-1.6666666666666667 1.1547005383792515 0.050340460718333195 0.050340747047083016
-1.6666666666666667 1.3471506281091268 0.036943474234583315 0.03694398191395831
-1.6666666666666667 1.539600717839002 0.008696459797083674 0.008696474288958669
-1.6666666666666667 1.7320508075688772 0.010307063093333426 0.010307050547083415
-1.6666666666666667 1.9245008972987525 0.008674431359583297 0.008674439288958294
-1.6666666666666667 2.116950987028628 0.03694214954708331 0.03694257941395835
-1.6666666666666667 2.309401076758503 0.05034046071833327 0.05034074704708313
-1.5833333333333333 -2.309401076758503 0.031212700393984764 0.03121268768703732
-1.5833333333333333 -2.116950987028628 0.01888797940757434 0.018887790973104793
-1.5833333333333333 -1.9245008972987525 0.01123749766231476 0.0112375068378023
-1.5833333333333333 -1.7320508075688772 0.01153042537140424 0.011530406762216113
-1.5833333333333333 -1.539600717839002 0.011255852512187331 0.011255844403091672
-1.5833333333333333 -1.3471506281091268 0.018894415527840713 0.01889417433229068
-1.5833333333333333 -1.1547005383792515 0.031212700393985847 0.031212687687038554
-1.5833333333333333 -0.9622504486493763 0.018887979407574244 0.018887790973104716
-1.5833333333333333 -0.769800358919501 0.011237497662314785 0.011237506837802282
-1.5833333333333333 -0.5773502691896257 0.011530425371404689 0.011530406762216564
-1.5833333333333333 -0.3849001794597505 0.01125585251218765 0.011255844403091991
-1.5833333333333333 -0.19245008972987526 0.018894415527840547 0.018894174332290545
-1.5833333333333333 0.0 0.03121270039398534 0.031212687687037985
-1.5833333333333333 0.19245008972987526 0.018887979407574067 0.0188877909731045
-1.5833333333333333 0.3849001794597505 0.011237497662314872 0.01123750683780237
-1.5833333333333333 0.5773502691896257 0.011530425371404713 0.011530406762216585
-1.5833333333333333 0.769800358919501 0.011255852512187577 0.011255844403091922
-1.5833333333333333 0.9622504486493763 0.018894415527840693 0.01889417433229066
-1.5833333333333333 1.1547005383792515 0.031212700393985868 0.0312126876870385
-1.5833333333333333 1.3471506281091268 0.018887979407574265 0.018887790973104678
-1.5833333333333333 1.539600717839002 0.011237497662314511 0.011237506837802001
-1.5833333333333333 1.7320508075688772 0.011530425371404179 0.011530406762216033
-1.5833333333333333 1.9245008972987525 0.011255852512187569 0.0112558444030919
-1.5833333333333333 2.116950987028628 0.018894415527840748 0.018894174332290743
-1.5833333333333333 2.309401076758503 0.03121270039398484 0.0312126876870375
-1.5 -2.309401076758503 0.018225308572499918 0.01822537504708325
-1.5 -2.116950987028628 0.014786366526720158 0.014786675548888096
-1.5 -1.9245008972987525 0.01478636652671975 0.014786675548887716
-1.5 -1.7320508075688772 0.018225308572499814 0.01822537504708316
-1.5 -1.539600717839002 0.014775169900780774 0.014775316904029443
-1.5 -1.3471506281091268 0.014775169900780724 0.014775316904029421
-1.5 -1.1547005383792515 0.01822530857249976 0.018225375047083103
-1.5 -0.9622504486493763 0.014786366526719542 0.014786675548887504
-1.5 -0.769800358919501 0.014786366526719802 0.014786675548887764
-1.5 -0.5773502691896257 0.0182253085725 0.01822537504708334
-1.5 -0.3849001794597505 0.014775169900780495 0.014775316904029194
-1.5 -0.19245008972987526 0.01477516990078059 0.01477531690402926
-1.5 0.0 0.018225308572500126 0.018225375047083457
-1.5 0.19245008972987526 0.01478636652671978 0.014786675548887756
-1.5 0.3849001794597505 0.014786366526719703 0.014786675548887664
-1.5 0.5773502691896257 0.01822530857249998 0.018225375047083332
-1.5 0.769800358919501 0.014775169900780573 0.014775316904029267
-1.5 0.9622504486493763 0.014775169900780373 0.014775316904029062
-1.5 1.1547005383792515 0.018225308572499842 0.018225375047083197
-1.5 1.3471506281091268 0.014786366526719887 0.014786675548887887
-1.5 1.539600717839002 0.014786366526719925 0.014786675548887905
-1.5 1.7320508075688772 0.018225308572499804 0.018225375047083138
-1.5 1.9245008972987525 0.014775169900780505 0.014775316904029176
-1.5 2.116950987028628 0.014775169900780953 0.014775316904029617
-1.5 2.309401076758503 0.018225308572499994 0.018225375047083336
-1.4166666666666667 -2.309401076758503 0.01153042537140494 0.01153040676221681
-1.4166666666666667 -2.116950987028628 0.01123749766231503 0.01123750683780251
-1.4166666666666667 -1.9245008972987525 0.01888797940757424 0.018887790973104675
-1.4166666666666667 -1.7320508075688772 0.031212700393985805 0.031212687687038457
-1.4166666666666667 -1.539600717839002 0.018894415527840693 0.01889417433229061
-1.4166666666666667 -1.3471506281091268 0.011255852512187574 0.011255844403091912
-1.4166666666666667 -1.1547005383792515 0.011530425371404172 0.011530406762216023
-1.4166666666666667 -0.9622504486493763 0.01123749766231501 0.011237506837802514
-1.4166666666666667 -0.769800358919501 0.01888797940757416 0.018887790973104578
-1.4166666666666667 -0.5773502691896257 0.03121270039398546 0.031212687687038082
-1.4166666666666667 -0.3849001794597505 0.01889441552784049 0.018894174332290445
-1.4166666666666667 -0.19245008972987526 0.011255852512187976 0.011255844403092335
-1.4166666666666667 0.0 0.01153042537140455 0.011530406762216401
-1.4166666666666667 0.19245008972987526 0.011237497662315158 0.011237506837802683
-1.4166666666666667 0.3849001794597505 0.018887979407574022 0.018887790973104442
-1.4166666666666667 0.5773502691896257 0.031212700393985382 0.031212687687038096
-1.4166666666666667 0.769800358919501 0.01889441552784063 0.018894174332290535
-1.4166666666666667 0.9622504486493763 0.011255852512187822 0.011255844403092172
-1.4166666666666667 1.1547005383792515 0.01153042537140423 0.011530406762216111
-1.4166666666666667 1.3471506281091268 0.011237497662314785 0.011237506837802324
-1.4166666666666667 1.539600717839002 0.018887979407574203 0.01888779097310465
-1.4166666666666667 1.7320508075688772 0.031212700393985812 0.031212687687038443
-1.4166666666666667 1.9245008972987525 0.018894415527840616 0.01889417433229059
-1.4166666666666667 2.116950987028628 0.011255852512187841 0.011255844403092182
-1.4166666666666667 2.309401076758503 0.011530425371405022 0.011530406762216887
-1.3333333333333333 -2.309401076758503 0.010307063093332822 0.010307050547082823
-1.3333333333333333 -2.116950987028628 0.008696459797083538 0.008696474288958525
-1.3333333333333333 -1.9245008972987525 0.036943474234582836 0.03694398191395787
-1.3333333333333333 -1.7320508075688772 0.05034046071833314 0.050340747047083
-1.3333333333333333 -1.539600717839002 0.036942149547083324 0.03694257941395831
-1.3333333333333333 -1.3471506281091268 0.00867443135958327 0.008674439288958292
-1.3333333333333333 -1.1547005383792515 0.0103070630933334 0.010307050547083398
-1.3333333333333333 -0.9622504486493763 0.008696459797083295 0.008696474288958289
-1.3333333333333333 -0.769800358919501 0.03694347423458343 0.03694398191395843
-1.3333333333333333 -0.5773502691896257 0.050340460718333646 0.050340747047083516
-1.3333333333333333 -0.3849001794597505 0.036942149547083324 0.03694257941395832
-1.3333333333333333 -0.19245008972987526 0.008674431359583325 0.008674439288958325
-1.3333333333333333 0.0 0.010307063093333227 0.010307050547083228
-1.3333333333333333 0.19245008972987526 0.008696459797083365 0.008696474288958313
-1.3333333333333333 0.3849001794597505 0.03694347423458317 0.03694398191395823
-1.3333333333333333 0.5773502691896257 0.05034046071833357 0.050340747047083516
-1.3333333333333333 0.769800358919501 0.03694214954708342 0.036942579413958475
-1.3333333333333333 0.9622504486493763 0.008674431359583309 0.00867443928895829
-1.3333333333333333 1.1547005383792515 0.010307063093333419 0.01030705054708342
-1.3333333333333333 1.3471506281091268 0.008696459797083321 0.0086964742889583
-1.3333333333333333 1.539600717839002 0.036943474234583204 0.03694398191395823
-1.3333333333333333 1.7320508075688772 0.05034046071833296 0.05034074704708294
-1.3333333333333333 1.9245008972987525 0.036942149547082866 0.03694257941395787
-1.3333333333333333 2.116950987028628 0.008674431359583575 0.008674439288958554
-1.3333333333333333 2.309401076758503 0.010307063093332873 0.010307050547082846
-1.25 -2.309401076758503 0.009286216296630739 0.009286147271667232
-1.25 -2.116950987028628 0.008160111887911844 0.008160259446686623
-1.25 -1.9245008972987525 0.0837339253386348 0.08373377064894622
-1.25 -1.7320508075688772 0.5257850965583688 0.5257851876341662
-1.25 -1.539600717839002 0.08374144656686013 0.08374125955744129
-1.25 -1.3471506281091268 0.008189523351593507 0.008189540441092491
-1.25 -1.1547005383792515 0.009286216296631136 0.009286147271667645
-1.25 -0.9622504486493763 0.008160111887911686 0.00816025944668646
-1.25 -0.769800358919501 0.08373392533863437 0.08373377064894563
-1.25 -0.5773502691896257 0.5257850965583694 0.5257851876341665
-1.25 -0.3849001794597505 0.08374144656686032 0.08374125955744138
-1.25 -0.19245008972987526 0.008189523351593543 0.008189540441092533
-1.25 0.0 0.009286216296631199 0.009286147271667697
-1.25 0.19245008972987526 0.008160111887911815 0.008160259446686583
-1.25 0.3849001794597505 0.08373392533863476 0.08373377064894591
-1.25 0.5773502691896257 0.5257850965583696 0.5257851876341667
-1.25 0.769800358919501 0.08374144656685978 0.08374125955744095
-1.25 0.9622504486493763 0.008189523351593465 0.008189540441092442
-1.25 1.1547005383792515 0.009286216296631206 0.009286147271667685
-1.25 1.3471506281091268 0.008160111887911782 0.008160259446686594
-1.25 1.539600717839002 0.08373392533863454 0.08373377064894585
-1.25 1.7320508075688772 0.5257850965583688 0.5257851876341658
-1.25 1.9245008972987525 0.08374144656686004 0.08374125955744123
-1.25 2.116950987028628 0.008189523351593609 0.008189540441092599
-1.25 2.309401076758503 0.009286216296630867 0.009286147271667364
-1.1666666666666667 -2.309401076758503 0.007396989955493212 0.007396945259618848
-1.1666666666666667 -2.116950987028628 0.0072254018871341676 0.0072254038778741345
-1.1666666666666667 -1.9245008972987525 0.5230797638715772 0.5230801316521033
-1.1666666666666667 -1.7320508075688772 0.943013409689505 0.9430135723345465
-1.1666666666666667 -1.539600717839002 0.5232384720403668 0.5232387673250434
-1.1666666666666667 -1.3471506281091268 0.0071769788059223676 0.007176967050814105
-1.1666666666666667 -1.1547005383792515 0.007396989955492768 0.007396945259618417
-1.1666666666666667 -0.9622504486493763 0.007225401887134076 0.007225403877874025
-1.1666666666666667 -0.769800358919501 0.5230797638715773 0.523080131652103
-1.1666666666666667 -0.5773502691896257 0.9430134096895052 0.9430135723345463
-1.1666666666666667 -0.3849001794597505 0.5232384720403669 0.523238767325043
-1.1666666666666667 -0.19245008972987526 0.0071769788059224526 0.0071769670508141925
-1.1666666666666667 0.0 0.007396989955493108 0.007396945259618719
-1.1666666666666667 0.19245008972987526 0.0072254018871341225 0.007225403877874068
-1.1666666666666667 0.3849001794597505 0.5230797638715775 0.5230801316521033
-1.1666666666666667 0.5773502691896257 0.9430134096895048 0.9430135723345462
-1.1666666666666667 0.769800358919501 0.523238472040367 0.5232387673250428
-1.1666666666666667 0.9622504486493763 0.007176978805922457 0.007176967050814172
-1.1666666666666667 1.1547005383792515 0.007396989955492844 0.007396945259618477
-1.1666666666666667 1.3471506281091268 0.0072254018871340114 0.007225403877873957
-1.1666666666666667 1.539600717839002 0.5230797638715777 0.5230801316521035
-1.1666666666666667 1.7320508075688772 0.943013409689505 0.9430135723345464
-1.1666666666666667 1.9245008972987525 0.5232384720403666 0.5232387673250429
-1.1666666666666667 2.116950987028628 0.007176978805922582 0.00717696705081429
-1.1666666666666667 2.309401076758503 0.007396989955493297 0.007396945259618926
-1.0833333333333333 -2.309401076758503 0.007104106255838358 0.007104075597122291
-1.0833333333333333 -2.116950987028628 0.006603998294759582 0.0066039991318263035
-1.0833333333333333 -1.9245008972987525 0.9119730473958992 0.9119728735134899
-1.0833333333333333 -1.7320508075688772 0.9538288211887715 0.9538289547652883
-1.0833333333333333 -1.539600717839002 0.911952444430476 0.9119523480861449
-1.0833333333333333 -1.3471506281091268 0.006665766558942381 0.006665797910584306
-1.0833333333333333 -1.1547005383792515 0.007104106255838365 0.007104075597122308
-1.0833333333333333 -0.9622504486493763 0.006603998294760028 0.006603999131826748
-1.0833333333333333 -0.769800358919501 0.9119730473958995 0.9119728735134894
-1.0833333333333333 -0.5773502691896257 0.9538288211887718 0.9538289547652892
-1.0833333333333333 -0.3849001794597505 0.9119524444304764 0.9119523480861448
-1.0833333333333333 -0.19245008972987526 0.006665766558942576 0.006665797910584496
-1.0833333333333333 0.0 0.007104106255838367 0.007104075597122308
-1.0833333333333333 0.19245008972987526 0.006603998294759717 0.006603999131826426
-1.0833333333333333 0.3849001794597505 0.9119730473958995 0.9119728735134897
-1.0833333333333333 0.5773502691896257 0.9538288211887717 0.9538289547652888
-1.0833333333333333 0.769800358919501 0.9119524444304766 0.911952348086145
-1.0833333333333333 0.9622504486493763 0.006665766558942897 0.00666579791058482
-1.0833333333333333 1.1547005383792515 0.00710410625583837 0.007104075597122337
-1.0833333333333333 1.3471506281091268 0.006603998294759515 0.0066039991318262515
-1.0833333333333333 1.539600717839002 0.9119730473958997 0.9119728735134895
-1.0833333333333333 1.7320508075688772 0.953828821188772 0.953828954765289
-1.0833333333333333 1.9245008972987525 0.9119524444304764 0.9119523480861449
-1.0833333333333333 2.116950987028628 0.006665766558942547 0.006665797910584466
-1.0833333333333333 2.309401076758503 0.007104106255838393 0.007104075597122322
-1.0 -2.309401076758503 0.00762473928083335 0.007624687297083314
-1.0 -2.116950987028628 0.006838356484583351 0.006838310476458321
-1.0 -1.9245008972987525 0.9029644166095833 0.9029648369764577
-1.0 -1.7320508075688772 0.9547551645308324 0.9547554127970821
-1.0 -1.539600717839002 0.9029644166095838 0.9029648369764591
-1.0 -1.3471506281091268 0.006838356484583019 0.006838310476458015
-1.0 -1.1547005383792515 0.00762473928083335 0.007624687297083314
-1.0 -0.9622504486493763 0.00683835648458336 0.006838310476458349
-1.0 -0.769800358919501 0.9029644166095838 0.9029648369764579
-1.0 -0.5773502691896257 0.9547551645308324 0.9547554127970821
-1.0 -0.3849001794597505 0.9029644166095836 0.9029648369764587
-1.0 -0.19245008972987526 0.006838356484583488 0.006838310476458499
-1.0 0.0 0.00762473928083335 0.007624687297083314
-1.0 0.19245008972987526 0.0068383564845834865 0.006838310476458493
-1.0 0.3849001794597505 0.902964416609584 0.9029648369764585
-1.0 0.5773502691896257 0.9547551645308324 0.9547554127970821
-1.0 0.769800358919501 0.9029644166095829 0.9029648369764578
-1.0 0.9622504486493763 0.006838356484583357 0.006838310476458353
-1.0 1.1547005383792515 0.00762473928083335 0.007624687297083314
-1.0 1.3471506281091268 0.006838356484583017 0.006838310476458024
-1.0 1.539600717839002 0.902964416609584 0.9029648369764589
-1.0 1.7320508075688772 0.9547551645308324 0.9547554127970821
-1.0 1.9245008972987525 0.9029644166095832 0.9029648369764577
-1.0 2.116950987028628 0.006838356484583344 0.006838310476458336
-1.0 2.309401076758503 0.00762473928083335 0.007624687297083314
-0.9166666666666666 -2.309401076758503 0.00710410625583755 0.007104075597121472
-0.9166666666666666 -2.116950987028628 0.006665766558942672 0.0066657979105846045
-0.9166666666666666 -1.9245008972987525 0.9119524444304765 0.9119523480861448
-0.9166666666666666 -1.7320508075688772 0.9538288211887712 0.9538289547652881
-0.9166666666666666 -1.539600717839002 0.9119730473958992 0.911972873513489
-0.9166666666666666 -1.3471506281091268 0.006603998294759441 0.0066039991318261404
-0.9166666666666666 -1.1547005383792515 0.007104106255837697 0.007104075597121649
-0.9166666666666666 -0.9622504486493763 0.0066657665589426075 0.006665797910584548
-0.9166666666666666 -0.769800358919501 0.9119524444304763 0.911952348086144
-0.9166666666666666 -0.5773502691896257 0.953828821188772 0.9538289547652893
-0.9166666666666666 -0.3849001794597505 0.9119730473958993 0.9119728735134893
-0.9166666666666666 -0.19245008972987526 0.006603998294759645 0.006603999131826358
-0.9166666666666666 0.0 0.007104106255837861 0.007104075597121795
-0.9166666666666666 0.19245008972987526 0.006665766558942521 0.006665797910584453
-0.9166666666666666 0.3849001794597505 0.9119524444304763 0.9119523480861439
-0.9166666666666666 0.5773502691896257 0.9538288211887719 0.9538289547652888
-0.9166666666666666 0.769800358919501 0.9119730473958992 0.911972873513489
-0.9166666666666666 0.9622504486493763 0.006603998294759751 0.006603999131826476
-0.9166666666666666 1.1547005383792515 0.007104106255837668 0.007104075597121618
-0.9166666666666666 1.3471506281091268 0.006665766558942289 0.006665797910584202
-0.9166666666666666 1.539600717839002 0.9119524444304759 0.9119523480861437
-0.9166666666666666 1.7320508075688772 0.9538288211887718 0.9538289547652892
-0.9166666666666666 1.9245008972987525 0.911973047395899 0.9119728735134888
-0.9166666666666666 2.116950987028628 0.00660399829475973 0.006603999131826453
-0.9166666666666666 2.309401076758503 0.007104106255837473 0.007104075597121428
-0.8333333333333334 -2.309401076758503 0.007396989955493417 0.007396945259619056
-0.8333333333333334 -2.116950987028628 0.007176978805922797 0.00717696705081452
-0.8333333333333334 -1.9245008972987525 0.5232384720403667 0.5232387673250428
-0.8333333333333334 -1.7320508075688772 0.9430134096895051 0.9430135723345465
-0.8333333333333334 -1.539600717839002 0.5230797638715781 0.5230801316521039
-0.8333333333333334 -1.3471506281091268 0.007225401887134119 0.007225403877874067
-0.8333333333333334 -1.1547005383792515 0.007396989955493453 0.007396945259619094
-0.8333333333333334 -0.9622504486493763 0.007176978805922972 0.007176967050814692
-0.8333333333333334 -0.769800358919501 0.5232384720403674 0.5232387673250435
-0.8333333333333334 -0.5773502691896257 0.943013409689505 0.9430135723345461
-0.8333333333333334 -0.3849001794597505 0.5230797638715778 0.5230801316521037
-0.8333333333333334 -0.19245008972987526 0.007225401887134447 0.007225403877874409
-0.8333333333333334 0.0 0.007396989955493134 0.007396945259618776
-0.8333333333333334 0.19245008972987526 0.007176978805922758 0.007176967050814486
-0.8333333333333334 0.3849001794597505 0.5232384720403671 0.5232387673250432
-0.8333333333333334 0.5773502691896257 0.9430134096895048 0.9430135723345459
-0.8333333333333334 0.769800358919501 0.5230797638715777 0.5230801316521035
-0.8333333333333334 0.9622504486493763 0.00722540188713457 0.0072254038778745595
-0.8333333333333334 1.1547005383792515 0.007396989955493407 0.007396945259619061
-0.8333333333333334 1.3471506281091268 0.007176978805922456 0.007176967050814163
-0.8333333333333334 1.539600717839002 0.5232384720403672 0.5232387673250435
-0.8333333333333334 1.7320508075688772 0.943013409689505 0.9430135723345463
-0.8333333333333334 1.9245008972987525 0.5230797638715775 0.5230801316521033
-0.8333333333333334 2.116950987028628 0.007225401887134409 0.007225403877874373
-0.8333333333333334 2.309401076758503 0.007396989955493356 0.007396945259618978
-0.75 -2.309401076758503 0.009286216296631181 0.009286147271667683
-0.75 -2.116950987028628 0.008189523351593564 0.008189540441092543
-0.75 -1.9245008972987525 0.08374144656685992 0.08374125955744105
-0.75 -1.7320508075688772 0.5257850965583687 0.5257851876341659
-0.75 -1.539600717839002 0.08373392533863465 0.083733770648946
-0.75 -1.3471506281091268 0.00816011188791179 0.008160259446686564
-0.75 -1.1547005383792515 0.009286216296631318 0.00928614727166779
-0.75 -0.9622504486493763 0.008189523351593689 0.008189540441092664
-0.75 -0.769800358919501 0.08374144656686004 0.0837412595574413
-0.75 -0.5773502691896257 0.5257850965583686 0.5257851876341658
-0.75 -0.3849001794597505 0.08373392533863468 0.08373377064894595
-0.75 -0.19245008972987526 0.008160111887911797 0.008160259446686583
-0.75 0.0 0.009286216296631183 0.009286147271667652
-0.75 0.19245008972987526 0.008189523351593545 0.008189540441092536
-0.75 0.3849001794597505 0.08374144656686024 0.08374125955744136
-0.75 0.5773502691896257 0.5257850965583689 0.5257851876341659
-0.75 0.769800358919501 0.08373392533863462 0.08373377064894594
-0.75 0.9622504486493763 0.008160111887911861 0.00816025944668665
-0.75 1.1547005383792515 0.009286216296631261 0.009286147271667735
-0.75 1.3471506281091268 0.00818952335159353 0.008189540441092505
-0.75 1.539600717839002 0.08374144656686021 0.08374125955744142
-0.75 1.7320508075688772 0.5257850965583692 0.5257851876341664
-0.75 1.9245008972987525 0.08373392533863439 0.08373377064894581
-0.75 2.116950987028628 0.008160111887911799 0.008160259446686595
-0.75 2.309401076758503 0.00928621629663108 0.009286147271667546
-0.6666666666666666 -2.309401076758503 0.010307063093333204 0.01030705054708317
-0.6666666666666666 -2.116950987028628 0.00867443135958311 0.008674439288958136
-0.6666666666666666 -1.9245008972987525 0.03694214954708328 0.036942579413958246
-0.6666666666666666 -1.7320508075688772 0.050340460718333396 0.05034074704708322
-0.6666666666666666 -1.539600717839002 0.03694347423458329 0.036943981913958264
-0.6666666666666666 -1.3471506281091268 0.008696459797083365 0.00869647428895836
-0.6666666666666666 -1.1547005383792515 0.010307063093333579 0.010307050547083554
-0.6666666666666666 -0.9622504486493763 0.00867443135958308 0.0086744392889581
-0.6666666666666666 -0.769800358919501 0.036942149547083435 0.036942579413958405
-0.6666666666666666 -0.5773502691896257 0.050340460718333355 0.05034074704708327
-0.6666666666666666 -0.3849001794597505 0.03694347423458327 0.03694398191395824
-0.6666666666666666 -0.19245008972987526 0.008696459797083375 0.008696474288958336
-0.6666666666666666 0.0 0.010307063093333343 0.01030705054708335
-0.6666666666666666 0.19245008972987526 0.00867443135958336 0.008674439288958355
-0.6666666666666666 0.3849001794597505 0.03694214954708335 0.03694257941395833
-0.6666666666666666 0.5773502691896257 0.05034046071833341 0.05034074704708318
-0.6666666666666666 0.769800358919501 0.03694347423458334 0.036943981913958326
-0.6666666666666666 0.9622504486493763 0.008696459797083077 0.008696474288958082
-0.6666666666666666 1.1547005383792515 0.01030706309333353 0.010307050547083526
-0.6666666666666666 1.3471506281091268 0.00867443135958331 0.00867443928895832
-0.6666666666666666 1.539600717839002 0.03694214954708341 0.036942579413958405
-0.6666666666666666 1.7320508075688772 0.05034046071833335 0.05034074704708314
-0.6666666666666666 1.9245008972987525 0.03694347423458326 0.03694398191395827
-0.6666666666666666 2.116950987028628 0.008696459797083084 0.008696474288958088
-0.6666666666666666 2.309401076758503 0.010307063093333155 0.010307050547083162
-0.5833333333333334 -2.309401076758503 0.011530425371404737 0.0115304067622166
-0.5833333333333334 -2.116950987028628 0.011255852512187725 0.011255844403092076
-0.5833333333333334 -1.9245008972987525 0.018894415527840366 0.018894174332290382
-0.5833333333333334 -1.7320508075688772 0.03121270039398589 0.031212687687038533
-0.5833333333333334 -1.539600717839002 0.01888797940757441 0.018887790973104876
-0.5833333333333334 -1.3471506281091268 0.01123749766231478 0.011237506837802265
-0.5833333333333334 -1.1547005383792515 0.011530425371404592 0.011530406762216484
-0.5833333333333334 -0.9622504486493763 0.011255852512187718 0.011255844403092062
-0.5833333333333334 -0.769800358919501 0.01889441552784056 0.018894174332290535
-0.5833333333333334 -0.5773502691896257 0.031212700393985472 0.03121268768703813
-0.5833333333333334 -0.3849001794597505 0.01888797940757407 0.0188877909731045
-0.5833333333333334 -0.19245008972987526 0.011237497662314877 0.01123750683780237
-0.5833333333333334 0.0 0.011530425371404564 0.01153040676221644
-0.5833333333333334 0.19245008972987526 0.011255852512187688 0.011255844403092023
-0.5833333333333334 0.3849001794597505 0.0188944155278405 0.018894174332290486
-0.5833333333333334 0.5773502691896257 0.031212700393985493 0.03121268768703811
-0.5833333333333334 0.769800358919501 0.018887979407574106 0.018887790973104557
-0.5833333333333334 0.9622504486493763 0.011237497662314933 0.011237506837802409
-0.5833333333333334 1.1547005383792515 0.011530425371404585 0.01153040676221645
-0.5833333333333334 1.3471506281091268 0.011255852512187574 0.011255844403091898
-0.5833333333333334 1.539600717839002 0.0188944155278409 0.018894174332290896
-0.5833333333333334 1.7320508075688772 0.031212700393985902 0.03121268768703856
-0.5833333333333334 1.9245008972987525 0.018887979407574015 0.018887790973104435
-0.5833333333333334 2.116950987028628 0.011237497662314973 0.011237506837802443
-0.5833333333333334 2.309401076758503 0.011530425371404683 0.011530406762216545
-0.5 -2.309401076758503 0.018225308572499953 0.018225375047083298
-0.5 -2.116950987028628 0.014775169900780864 0.01477531690402956
-0.5 -1.9245008972987525 0.014775169900780502 0.014775316904029208
-0.5 -1.7320508075688772 0.01822530857249998 0.018225375047083308
-0.5 -1.539600717839002 0.014786366526719845 0.014786675548887813
-0.5 -1.3471506281091268 0.014786366526719837 0.014786675548887792
-0.5 -1.1547005383792515 0.01822530857250009 0.01822537504708342
-0.5 -0.9622504486493763 0.014775169900780502 0.014775316904029192
-0.5 -0.769800358919501 0.014775169900780455 0.014775316904029109
-0.5 -0.5773502691896257 0.018225308572500147 0.018225375047083478
-0.5 -0.3849001794597505 0.014786366526719571 0.014786675548887513
-0.5 -0.19245008972987526 0.014786366526719599 0.014786675548887539
-0.5 0.0 0.01822530857250001 0.01822537504708336
-0.5 0.19245008972987526 0.014775169900780392 0.014775316904029091
-0.5 0.3849001794597505 0.014775169900780377 0.014775316904029091
-0.5 0.5773502691896257 0.01822530857250016 0.0182253750470835
-0.5 0.769800358919501 0.014786366526719648 0.0147866755488876
-0.5 0.9622504486493763 0.014786366526719654 0.0147866755488876
-0.5 1.1547005383792515 0.018225308572500064 0.018225375047083416
-0.5 1.3471506281091268 0.014775169900780635 0.014775316904029338
-0.5 1.539600717839002 0.014775169900780689 0.014775316904029374
-0.5 1.7320508075688772 0.0182253085725 0.018225375047083346
-0.5 1.9245008972987525 0.01478636652671973 0.014786675548887653
-0.5 2.116950987028628 0.014786366526719998 0.014786675548887952
-0.5 2.309401076758503 0.018225308572499974 0.018225375047083322
-0.4166666666666667 -2.309401076758503 0.031212700393985562 0.031212687687038276
-0.4166666666666667 -2.116950987028628 0.01889441552784079 0.018894174332290722
-0.4166666666666667 -1.9245008972987525 0.011255852512187574 0.011255844403091901
-0.4166666666666667 -1.7320508075688772 0.011530425371404189 0.011530406762216056
-0.4166666666666667 -1.539600717839002 0.011237497662314805 0.011237506837802298
-0.4166666666666667 -1.3471506281091268 0.018887979407574265 0.018887790973104685
-0.4166666666666667 -1.1547005383792515 0.03121270039398546 0.031212687687038138
-0.4166666666666667 -0.9622504486493763 0.018894415527840464 0.018894174332290434
-0.4166666666666667 -0.769800358919501 0.011255852512187737 0.011255844403092132
-0.4166666666666667 -0.5773502691896257 0.011530425371404678 0.011530406762216533
-0.4166666666666667 -0.3849001794597505 0.0112374976623149 0.01123750683780242
-0.4166666666666667 -0.19245008972987526 0.018887979407574036 0.018887790973104425
-0.4166666666666667 0.0 0.031212700393985326 0.031212687687038054
-0.4166666666666667 0.19245008972987526 0.018894415527840484 0.01889417433229043
-0.4166666666666667 0.3849001794597505 0.011255852512187697 0.01125584440309206
-0.4166666666666667 0.5773502691896257 0.011530425371404689 0.011530406762216568
-0.4166666666666667 0.769800358919501 0.011237497662314948 0.011237506837802464
-0.4166666666666667 0.9622504486493763 0.01888797940757396 0.01888779097310442
-0.4166666666666667 1.1547005383792515 0.031212700393985444 0.031212687687038117
-0.4166666666666667 1.3471506281091268 0.018894415527840693 0.01889417433229067
-0.4166666666666667 1.539600717839002 0.011255852512187591 0.011255844403091948
-0.4166666666666667 1.7320508075688772 0.011530425371404224 0.0115304067622161
-0.4166666666666667 1.9245008972987525 0.011237497662314803 0.011237506837802306
-0.4166666666666667 2.116950987028628 0.018887979407574307 0.018887790973104744
-0.4166666666666667 2.309401076758503 0.03121270039398555 0.03121268768703824
-0.3333333333333333 -2.309401076758503 0.050340460718333695 0.0503407470470835
-0.3333333333333333 -2.116950987028628 0.03694214954708339 0.03694257941395839
-0.3333333333333333 -1.9245008972987525 0.00867443135958344 0.008674439288958448
-0.3333333333333333 -1.7320508075688772 0.010307063093333495 0.010307050547083502
-0.3333333333333333 -1.539600717839002 0.008696459797083592 0.008696474288958568
-0.3333333333333333 -1.3471506281091268 0.03694347423458325 0.03694398191395823
-0.3333333333333333 -1.1547005383792515 0.05034046071833335 0.05034074704708314
-0.3333333333333333 -0.9622504486493763 0.03694214954708341 0.03694257941395843
-0.3333333333333333 -0.769800358919501 0.008674431359583306 0.008674439288958278
-0.3333333333333333 -0.5773502691896257 0.010307063093333183 0.010307050547083186
-0.3333333333333333 -0.3849001794597505 0.00869645979708339 0.008696474288958363
-0.3333333333333333 -0.19245008972987526 0.03694347423458334 0.03694398191395835
-0.3333333333333333 0.0 0.050340460718333445 0.050340747047083266
-0.3333333333333333 0.19245008972987526 0.036942149547083365 0.03694257941395842
-0.3333333333333333 0.3849001794597505 0.00867443135958336 0.00867443928895837
-0.3333333333333333 0.5773502691896257 0.010307063093333183 0.010307050547083215
-0.3333333333333333 0.769800358919501 0.008696459797083314 0.008696474288958297
-0.3333333333333333 0.9622504486493763 0.03694347423458333 0.03694398191395837
-0.3333333333333333 1.1547005383792515 0.05034046071833335 0.050340747047083176
-0.3333333333333333 1.3471506281091268 0.03694214954708324 0.03694257941395824
-0.3333333333333333 1.539600717839002 0.008674431359583564 0.008674439288958563
-0.3333333333333333 1.7320508075688772 0.010307063093333537 0.010307050547083522
-0.3333333333333333 1.9245008972987525 0.00869645979708348 0.008696474288958485
-0.3333333333333333 2.116950987028628 0.03694347423458321 0.03694398191395823
-0.3333333333333333 2.309401076758503 0.05034046071833353 0.050340747047083426
-0.25 -2.309401076758503 0.5257850965583687 0.5257851876341658
-0.25 -2.116950987028628 0.08374144656685999 0.08374125955744113
-0.25 -1.9245008972987525 0.008189523351593515 0.008189540441092488
-0.25 -1.7320508075688772 0.00928621629663115 0.009286147271667634
-0.25 -1.539600717839002 0.008160111887911891 0.0081602594466867
-0.25 -1.3471506281091268 0.0837339253386347 0.08373377064894616
-0.25 -1.1547005383792515 0.525785096558369 0.5257851876341663
-0.25 -0.9622504486493763 0.08374144656686026 0.0837412595574414
-0.25 -0.769800358919501 0.008189523351593606 0.008189540441092593
-0.25 -0.5773502691896257 0.009286216296631088 0.009286147271667572
-0.25 -0.3849001794597505 0.008160111887911776 0.008160259446686559
-0.25 -0.19245008972987526 0.08373392533863465 0.08373377064894584
-0.25 0.0 0.5257850965583695 0.5257851876341663
-0.25 0.19245008972987526 0.08374144656686006 0.08374125955744127
-0.25 0.3849001794597505 0.008189523351593557 0.008189540441092538
-0.25 0.5773502691896257 0.00928621629663114 0.009286147271667596
-0.25 0.769800358919501 0.008160111887911872 0.00816025944668664
-0.25 0.9622504486493763 0.08373392533863473 0.08373377064894601
-0.25 1.1547005383792515 0.525785096558369 0.5257851876341659
-0.25 1.3471506281091268 0.08374144656686008 0.08374125955744138
-0.25 1.539600717839002 0.008189523351593698 0.008189540441092664
-0.25 1.7320508075688772 0.00928621629663121 0.009286147271667709
-0.25 1.9245008972987525 0.008160111887911851 0.008160259446686623
-0.25 2.116950987028628 0.0837339253386344 0.08373377064894573
-0.25 2.309401076758503 0.5257850965583682 0.5257851876341656
-0.16666666666666666 -2.309401076758503 0.9430134096895043 0.9430135723345457
-0.16666666666666666 -2.116950987028628 0.5232384720403668 0.5232387673250427
-0.16666666666666666 -1.9245008972987525 0.007176978805922961 0.007176967050814689
-0.16666666666666666 -1.7320508075688772 0.007396989955493039 0.0073969452596186775
-0.16666666666666666 -1.539600717839002 0.007225401887134195 0.007225403877874158
-0.16666666666666666 -1.3471506281091268 0.5230797638715776 0.5230801316521037
-0.16666666666666666 -1.1547005383792515 0.9430134096895049 0.9430135723345463
-0.16666666666666666 -0.9622504486493763 0.5232384720403672 0.5232387673250433
-0.16666666666666666 -0.769800358919501 0.00717697880592272 0.007176967050814441
-0.16666666666666666 -0.5773502691896257 0.007396989955493242 0.007396945259618877
-0.16666666666666666 -0.3849001794597505 0.007225401887134341 0.0072254038778742855
-0.16666666666666666 -0.19245008972987526 0.5230797638715776 0.5230801316521035
-0.16666666666666666 0.0 0.9430134096895049 0.9430135723345462
-0.16666666666666666 0.19245008972987526 0.5232384720403672 0.5232387673250434
-0.16666666666666666 0.3849001794597505 0.007176978805922682 0.007176967050814413
-0.16666666666666666 0.5773502691896257 0.00739698995549325 0.007396945259618891
-0.16666666666666666 0.769800358919501 0.007225401887134398 0.0072254038778743635
-0.16666666666666666 0.9622504486493763 0.523079763871578 0.5230801316521038
-0.16666666666666666 1.1547005383792515 0.9430134096895048 0.943013572334546
-0.16666666666666666 1.3471506281091268 0.5232384720403672 0.5232387673250436
-0.16666666666666666 1.539600717839002 0.007176978805922607 0.0071769670508143365
-0.16666666666666666 1.7320508075688772 0.007396989955493073 0.007396945259618709
-0.16666666666666666 1.9245008972987525 0.00722540188713474 0.007225403877874709
-0.16666666666666666 2.116950987028628 0.5230797638715773 0.5230801316521031
-0.16666666666666666 2.309401076758503 0.9430134096895045 0.9430135723345459
-0.08333333333333333 -2.309401076758503 0.9538288211887714 0.9538289547652884
-0.08333333333333333 -2.116950987028628 0.9119524444304763 0.9119523480861444
-0.08333333333333333 -1.9245008972987525 0.0066657665589424445 0.006665797910584375
-0.08333333333333333 -1.7320508075688772 0.007104106255838086 0.007104075597122015
-0.08333333333333333 -1.539600717839002 0.006603998294759601 0.006603999131826315
-0.08333333333333333 -1.3471506281091268 0.9119730473958996 0.9119728735134897
-0.08333333333333333 -1.1547005383792515 0.9538288211887715 0.9538289547652895
-0.08333333333333333 -0.9622504486493763 0.911952444430476 0.911952348086144
-0.08333333333333333 -0.769800358919501 0.0066657665589426734 0.006665797910584597
-0.08333333333333333 -0.5773502691896257 0.0071041062558378654 0.007104075597121815
-0.08333333333333333 -0.3849001794597505 0.006603998294759768 0.0066039991318264735
-0.08333333333333333 -0.19245008972987526 0.9119730473958991 0.9119728735134895
-0.08333333333333333 0.0 0.9538288211887713 0.9538289547652892
-0.08333333333333333 0.19245008972987526 0.9119524444304761 0.9119523480861446
-0.08333333333333333 0.3849001794597505 0.006665766558942635 0.006665797910584572
-0.08333333333333333 0.5773502691896257 0.00710410625583789 0.007104075597121834
-0.08333333333333333 0.769800358919501 0.006603998294759804 0.006603999131826505
-0.08333333333333333 0.9622504486493763 0.9119730473958993 0.9119728735134898
-0.08333333333333333 1.1547005383792515 0.953828821188772 0.9538289547652892
-0.08333333333333333 1.3471506281091268 0.9119524444304767 0.911952348086145
-0.08333333333333333 1.539600717839002 0.0066657665589424505 0.006665797910584395
-0.08333333333333333 1.7320508075688772 0.00710410625583811 0.007104075597122051
-0.08333333333333333 1.9245008972987525 0.006603998294759587 0.006603999131826291
-0.08333333333333333 2.116950987028628 0.9119730473958993 0.9119728735134894
-0.08333333333333333 2.309401076758503 0.9538288211887715 0.9538289547652885
0.0 -2.309401076758503 0.9547551645308324 0.9547554127970821
0.0 -2.116950987028628 0.9029644166095838 0.9029648369764588
0.0 -1.9245008972987525 0.006838356484583652 0.0068383104764586505
0.0 -1.7320508075688772 0.00762473928083335 0.007624687297083314
0.0 -1.539600717839002 0.006838356484583165 0.006838310476458153
0.0 -1.3471506281091268 0.9029644166095839 0.9029648369764579
0.0 -1.1547005383792515 0.9547551645308324 0.9547554127970821
0.0 -0.9622504486493763 0.9029644166095842 0.902964836976459
0.0 -0.769800358919501 0.006838356484583381 0.00683831047645839
0.0 -0.5773502691896257 0.00762473928083335 0.007624687297083314
0.0 -0.3849001794597505 0.0068383564845833165 0.006838310476458312
0.0 -0.19245008972987526 0.9029644166095835 0.9029648369764584
0.0 0.0 0.9547551645308324 0.9547554127970821
0.0 0.19245008972987526 0.9029644166095835 0.9029648369764584
0.0 0.3849001794597505 0.0068383564845833165 0.006838310476458312
0.0 0.5773502691896257 0.00762473928083335 0.007624687297083314
0.0 0.769800358919501 0.006838356484583381 0.00683831047645839
0.0 0.9622504486493763 0.9029644166095842 0.902964836976459
0.0 1.1547005383792515 0.9547551645308324 0.9547554127970821
0.0 1.3471506281091268 0.9029644166095839 0.9029648369764579
0.0 1.539600717839002 0.006838356484583165 0.006838310476458153
0.0 1.7320508075688772 0.00762473928083335 0.007624687297083314
0.0 1.9245008972987525 0.006838356484583652 0.0068383104764586505
0.0 2.116950987028628 0.9029644166095838 0.9029648369764588
0.0 2.309401076758503 0.9547551645308324 0.9547554127970821
0.08333333333333333 -2.309401076758503 0.9538288211887715 0.9538289547652885
0.08333333333333333 -2.116950987028628 0.9119730473958993 0.9119728735134894
0.08333333333333333 -1.9245008972987525 0.006603998294759587 0.006603999131826291
0.08333333333333333 -1.7320508075688772 0.00710410625583811 0.007104075597122051
0.08333333333333333 -1.539600717839002 0.0066657665589424505 0.006665797910584395
0.08333333333333333 -1.3471506281091268 0.9119524444304767 0.911952348086145
0.08333333333333333 -1.1547005383792515 0.953828821188772 0.9538289547652892
0.08333333333333333 -0.9622504486493763 0.9119730473958993 0.9119728735134898
0.08333333333333333 -0.769800358919501 0.006603998294759804 0.006603999131826505
0.08333333333333333 -0.5773502691896257 0.00710410625583789 0.007104075597121834
0.08333333333333333 -0.3849001794597505 0.006665766558942635 0.006665797910584572
0.08333333333333333 -0.19245008972987526 0.9119524444304761 0.9119523480861446
0.08333333333333333 0.0 0.9538288211887713 0.9538289547652892
0.08333333333333333 0.19245008972987526 0.9119730473958991 0.9119728735134895
0.08333333333333333 0.3849001794597505 0.006603998294759768 0.0066039991318264735
0.08333333333333333 0.5773502691896257 0.0071041062558378654 0.007104075597121815
0.08333333333333333 0.769800358919501 0.0066657665589426734 0.006665797910584597
0.08333333333333333 0.9622504486493763 0.911952444430476 0.911952348086144
0.08333333333333333 1.1547005383792515 0.9538288211887715 0.9538289547652895
0.08333333333333333 1.3471506281091268 0.9119730473958996 0.9119728735134897
0.08333333333333333 1.539600717839002 0.006603998294759601 0.006603999131826315
0.08333333333333333 1.7320508075688772 0.007104106255838086 0.007104075597122015
0.08333333333333333 1.9245008972987525 0.0066657665589424445 0.006665797910584375
0.08333333333333333 2.116950987028628 0.9119524444304763 0.9119523480861444
0.08333333333333333 2.309401076758503 0.9538288211887714 0.9538289547652884
0.16666666666666666 -2.309401076758503 0.9430134096895045 0.9430135723345459
0.16666666666666666 -2.116950987028628 0.5230797638715773 0.5230801316521031
0.16666666666666666 -1.9245008972987525 0.00722540188713474 0.007225403877874709
0.16666666666666666 -1.7320508075688772 0.007396989955493073 0.007396945259618709
0.16666666666666666 -1.539600717839002 0.007176978805922607 0.0071769670508143365
0.16666666666666666 -1.3471506281091268 0.5232384720403672 0.5232387673250436
0.16666666666666666 -1.1547005383792515 0.9430134096895048 0.943013572334546
0.16666666666666666 -0.9622504486493763 0.523079763871578 0.5230801316521038
0.16666666666666666 -0.769800358919501 0.007225401887134398 0.0072254038778743635
0.16666666666666666 -0.5773502691896257 0.00739698995549325 0.007396945259618891
0.16666666666666666 -0.3849001794597505 0.007176978805922682 0.007176967050814413
0.16666666666666666 -0.19245008972987526 0.5232384720403672 0.5232387673250434
0.16666666666666666 0.0 0.9430134096895049 0.9430135723345462
0.16666666666666666 0.19245008972987526 0.5230797638715776 0.5230801316521035
0.16666666666666666 0.3849001794597505 0.007225401887134341 0.0072254038778742855
0.16666666666666666 0.5773502691896257 0.007396989955493242 0.007396945259618877
0.16666666666666666 0.769800358919501 0.00717697880592272 0.007176967050814441
0.16666666666666666 0.9622504486493763 0.5232384720403672 0.5232387673250433
0.16666666666666666 1.1547005383792515 0.9430134096895049 0.9430135723345463
0.16666666666666666 1.3471506281091268 0.5230797638715776 0.5230801316521037
0.16666666666666666 1.539600717839002 0.007225401887134195 0.007225403877874158
0.16666666666666666 1.7320508075688772 0.007396989955493039 0.0073969452596186775
0.16666666666666666 1.9245008972987525 0.007176978805922961 0.007176967050814689
0.16666666666666666 2.116950987028628 0.5232384720403668 0.5232387673250427
0.16666666666666666 2.309401076758503 0.9430134096895043 0.9430135723345457
0.25 -2.309401076758503 0.5257850965583682 0.5257851876341656
0.25 -2.116950987028628 0.0837339253386344 0.08373377064894573
0.25 -1.9245008972987525 0.008160111887911851 0.008160259446686623
0.25 -1.7320508075688772 0.00928621629663121 0.009286147271667709
0.25 -1.539600717839002 0.008189523351593698 0.008189540441092664
0.25 -1.3471506281091268 0.08374144656686008 0.08374125955744138
0.25 -1.1547005383792515 0.525785096558369 0.5257851876341659
0.25 -0.9622504486493763 0.08373392533863473 0.08373377064894601
0.25 -0.769800358919501 0.008160111887911872 0.00816025944668664
0.25 -0.5773502691896257 0.00928621629663114 0.009286147271667596
0.25 -0.3849001794597505 0.008189523351593557 0.008189540441092538
0.25 -0.19245008972987526 0.08374144656686006 0.08374125955744127
0.25 0.0 0.5257850965583695 0.5257851876341663
0.25 0.19245008972987526 0.08373392533863465 0.08373377064894584
0.25 0.3849001794597505 0.008160111887911776 0.008160259446686559
0.25 0.5773502691896257 0.009286216296631088 0.009286147271667572
0.25 0.769800358919501 0.008189523351593606 0.008189540441092593
0.25 0.9622504486493763 0.08374144656686026 0.0837412595574414
0.25 1.1547005383792515 0.525785096558369 0.5257851876341663
0.25 1.3471506281091268 0.0837339253386347 0.08373377064894616
0.25 1.539600717839002 0.008160111887911891 0.0081602594466867
0.25 1.7320508075688772 0.00928621629663115 0.009286147271667634
0.25 1.9245008972987525 0.008189523351593515 0.008189540441092488
0.25 2.116950987028628 0.08374144656685999 0.08374125955744113
0.25 2.309401076758503 0.5257850965583687 0.5257851876341658
0.3333333333333333 -2.309401076758503 0.05034046071833353 0.050340747047083426
0.3333333333333333 -2.116950987028628 0.03694347423458321 0.03694398191395823
0.3333333333333333 -1.9245008972987525 0.00869645979708348 0.008696474288958485
0.3333333333333333 -1.7320508075688772 0.010307063093333537 0.010307050547083522
0.3333333333333333 -1.539600717839002 0.008674431359583564 0.008674439288958563
0.3333333333333333 -1.3471506281091268 0.03694214954708324 0.03694257941395824
0.3333333333333333 -1.1547005383792515 0.05034046071833335 0.050340747047083176
0.3333333333333333 -0.9622504486493763 0.03694347423458333 0.03694398191395837
0.3333333333333333 -0.769800358919501 0.008696459797083314 0.008696474288958297
0.3333333333333333 -0.5773502691896257 0.010307063093333183 0.010307050547083215
0.3333333333333333 -0.3849001794597505 0.00867443135958336 0.00867443928895837
0.3333333333333333 -0.19245008972987526 0.036942149547083365 0.03694257941395842
0.3333333333333333 0.0 0.050340460718333445 0.050340747047083266
0.3333333333333333 0.19245008972987526 0.03694347423458334 0.03694398191395835
0.3333333333333333 0.3849001794597505 0.00869645979708339 0.008696474288958363
0.3333333333333333 0.5773502691896257 0.010307063093333183 0.010307050547083186
0.3333333333333333 0.769800358919501 0.008674431359583306 0.008674439288958278
0.3333333333333333 0.9622504486493763 0.03694214954708341 0.03694257941395843
0.3333333333333333 1.1547005383792515 0.05034046071833335 0.05034074704708314
0.3333333333333333 1.3471506281091268 0.03694347423458325 0.03694398191395823
0.3333333333333333 1.539600717839002 0.008696459797083592 0.008696474288958568
0.3333333333333333 1.7320508075688772 0.010307063093333495 0.010307050547083502
0.3333333333333333 1.9245008972987525 0.00867443135958344 0.008674439288958448
0.3333333333333333 2.116950987028628 0.03694214954708339 0.03694257941395839
0.3333333333333333 2.309401076758503 0.050340460718333695 0.0503407470470835
0.4166666666666667 -2.309401076758503 0.03121270039398555 0.03121268768703824
0.4166666666666667 -2.116950987028628 0.018887979407574307 0.018887790973104744
0.4166666666666667 -1.9245008972987525 0.011237497662314803 0.011237506837802306
0.4166666666666667 -1.7320508075688772 0.011530425371404224 0.0115304067622161
0.4166666666666667 -1.539600717839002 0.011255852512187591 0.011255844403091948
0.4166666666666667 -1.3471506281091268 0.018894415527840693 0.01889417433229067
0.4166666666666667 -1.1547005383792515 0.031212700393985444 0.031212687687038117
0.4166666666666667 -0.9622504486493763 0.01888797940757396 0.01888779097310442
0.4166666666666667 -0.769800358919501 0.011237497662314948 0.011237506837802464
0.4166666666666667 -0.5773502691896257 0.011530425371404689 0.011530406762216568
0.4166666666666667 -0.3849001794597505 0.011255852512187697 0.01125584440309206
0.4166666666666667 -0.19245008972987526 0.018894415527840484 0.01889417433229043
0.4166666666666667 0.0 0.031212700393985326 0.031212687687038054
0.4166666666666667 0.19245008972987526 0.018887979407574036 0.018887790973104425
0.4166666666666667 0.3849001794597505 0.0112374976623149 0.01123750683780242
0.4166666666666667 0.5773502691896257 0.011530425371404678 0.011530406762216533
0.4166666666666667 0.769800358919501 0.011255852512187737 0.011255844403092132
0.4166666666666667 0.9622504486493763 0.018894415527840464 0.018894174332290434
0.4166666666666667 1.1547005383792515 0.03121270039398546 0.031212687687038138
0.4166666666666667 1.3471506281091268 0.018887979407574265 0.018887790973104685
0.4166666666666667 1.539600717839002 0.011237497662314805 0.011237506837802298
0.4166666666666667 1.7320508075688772 0.011530425371404189 0.011530406762216056
0.4166666666666667 1.9245008972987525 0.011255852512187574 0.011255844403091901
0.4166666666666667 2.116950987028628 0.01889441552784079 0.018894174332290722
0.4166666666666667 2.309401076758503 0.031212700393985562 0.031212687687038276
0.5 -2.309401076758503 0.018225308572499974 0.018225375047083322
0.5 -2.116950987028628 0.014786366526719998 0.014786675548887952
0.5 -1.9245008972987525 0.01478636652671973 0.014786675548887653
0.5 -1.7320508075688772 0.0182253085725 0.018225375047083346
0.5 -1.539600717839002 0.014775169900780689 0.014775316904029374
0.5 -1.3471506281091268 0.014775169900780635 0.014775316904029338
0.5 -1.1547005383792515 0.018225308572500064 0.018225375047083416
0.5 -0.9622504486493763 0.014786366526719654 0.0147866755488876
0.5 -0.769800358919501 0.014786366526719648 0.0147866755488876
0.5 -0.5773502691896257 0.01822530857250016 0.0182253750470835
0.5 -0.3849001794597505 0.014775169900780377 0.014775316904029091
0.5 -0.19245008972987526 0.014775169900780392 0.014775316904029091
0.5 0.0 0.01822530857250001 0.01822537504708336
0.5 0.19245008972987526 0.014786366526719599 0.014786675548887539
0.5 0.3849001794597505 0.014786366526719571 0.014786675548887513
0.5 0.5773502691896257 0.018225308572500147 0.018225375047083478
0.5 0.769800358919501 0.014775169900780455 0.014775316904029109
0.5 0.9622504486493763 0.014775169900780502 0.014775316904029192
0.5 1.1547005383792515 0.01822530857250009 0.01822537504708342
0.5 1.3471506281091268 0.014786366526719837 0.014786675548887792
0.5 1.539600717839002 0.014786366526719845 0.014786675548887813
0.5 1.7320508075688772 0.01822530857249998 0.018225375047083308
0.5 1.9245008972987525 0.014775169900780502 0.014775316904029208
0.5 2.116950987028628 0.014775169900780864 0.01477531690402956
0.5 2.309401076758503 0.018225308572499953 0.018225375047083298
0.5833333333333334 -2.309401076758503 0.011530425371404683 0.011530406762216545
0.5833333333333334 -2.116950987028628 0.011237497662314973 0.011237506837802443
0.5833333333333334 -1.9245008972987525 0.018887979407574015 0.018887790973104435
0.5833333333333334 -1.7320508075688772 0.031212700393985902 0.03121268768703856
0.5833333333333334 -1.539600717839002 0.0188944155278409 0.018894174332290896
0.5833333333333334 -1.3471506281091268 0.011255852512187574 0.011255844403091898
0.5833333333333334 -1.1547005383792515 0.011530425371404585 0.01153040676221645
0.5833333333333334 -0.9622504486493763 0.011237497662314933 0.011237506837802409
0.5833333333333334 -0.769800358919501 0.018887979407574106 0.018887790973104557
0.5833333333333334 -0.5773502691896257 0.031212700393985493 0.03121268768703811
0.5833333333333334 -0.3849001794597505 0.0188944155278405 0.018894174332290486
0.5833333333333334 -0.19245008972987526 0.011255852512187688 0.011255844403092023
0.5833333333333334 0.0 0.011530425371404564 0.01153040676221644
0.5833333333333334 0.19245008972987526 0.011237497662314877 0.01123750683780237
0.5833333333333334 0.3849001794597505 0.01888797940757407 0.0188877909731045
0.5833333333333334 0.5773502691896257 0.031212700393985472 0.03121268768703813
0.5833333333333334 0.769800358919501 0.01889441552784056 0.018894174332290535
0.5833333333333334 0.9622504486493763 0.011255852512187718 0.011255844403092062
0.5833333333333334 1.1547005383792515 0.011530425371404592 0.011530406762216484
0.5833333333333334 1.3471506281091268 0.01123749766231478 0.011237506837802265
0.5833333333333334 1.539600717839002 0.01888797940757441 0.018887790973104876
0.5833333333333334 1.7320508075688772 0.03121270039398589 0.031212687687038533
0.5833333333333334 1.9245008972987525 0.018894415527840366 0.018894174332290382
0.5833333333333334 2.116950987028628 0.011255852512187725 0.011255844403092076
0.5833333333333334 2.309401076758503 0.011530425371404737 0.0115304067622166
0.6666666666666666 -2.309401076758503 0.010307063093333155 0.010307050547083162
0.6666666666666666 -2.116950987028628 0.008696459797083084 0.008696474288958088
0.6666666666666666 -1.9245008972987525 0.03694347423458326 0.03694398191395827
0.6666666666666666 -1.7320508075688772 0.05034046071833335 0.05034074704708314
0.6666666666666666 -1.539600717839002 0.03694214954708341 0.036942579413958405
0.6666666666666666 -1.3471506281091268 0.00867443135958331 0.00867443928895832
0.6666666666666666 -1.1547005383792515 0.01030706309333353 0.010307050547083526
0.6666666666666666 -0.9622504486493763 0.008696459797083077 0.008696474288958082
0.6666666666666666 -0.769800358919501 0.03694347423458334 0.036943981913958326
0.6666666666666666 -0.5773502691896257 0.05034046071833341 0.05034074704708318
0.6666666666666666 -0.3849001794597505 0.03694214954708335 0.03694257941395833
0.6666666666666666 -0.19245008972987526 0.00867443135958336 0.008674439288958355
0.6666666666666666 0.0 0.010307063093333343 0.01030705054708335
0.6666666666666666 0.19245008972987526 0.008696459797083375 0.008696474288958336
0.6666666666666666 0.3849001794597505 0.03694347423458327 0.03694398191395824
0.6666666666666666 0.5773502691896257 0.050340460718333355 0.05034074704708327
0.6666666666666666 0.769800358919501 0.036942149547083435 0.036942579413958405
0.6666666666666666 0.9622504486493763 0.00867443135958308 0.0086744392889581
0.6666666666666666 1.1547005383792515 0.010307063093333579 0.010307050547083554
0.6666666666666666 1.3471506281091268 0.008696459797083365 0.00869647428895836
0.6666666666666666 1.539600717839002 0.03694347423458329 0.036943981913958264
0.6666666666666666 1.7320508075688772 0.050340460718333396 0.05034074704708322
0.6666666666666666 1.9245008972987525 0.03694214954708328 0.036942579413958246
0.6666666666666666 2.116950987028628 0.00867443135958311 0.008674439288958136
0.6666666666666666 2.309401076758503 0.010307063093333204 0.01030705054708317
0.75 -2.309401076758503 0.00928621629663108 0.009286147271667546
0.75 -2.116950987028628 0.008160111887911799 0.008160259446686595
0.75 -1.9245008972987525 0.08373392533863439 0.08373377064894581
0.75 -1.7320508075688772 0.5257850965583692 0.5257851876341664
0.75 -1.539600717839002 0.08374144656686021 0.08374125955744142
0.75 -1.3471506281091268 0.00818952335159353 0.008189540441092505
0.75 -1.1547005383792515 0.009286216296631261 0.009286147271667735
0.75 -0.9622504486493763 0.008160111887911861 0.00816025944668665
0.75 -0.769800358919501 0.08373392533863462 0.08373377064894594
0.75 -0.5773502691896257 0.5257850965583689 0.5257851876341659
0.75 -0.3849001794597505 0.08374144656686024 0.08374125955744136
0.75 -0.19245008972987526 0.008189523351593545 0.008189540441092536
0.75 0.0 0.009286216296631183 0.009286147271667652
0.75 0.19245008972987526 0.008160111887911797 0.008160259446686583
0.75 0.3849001794597505 0.08373392533863468 0.08373377064894595
0.75 0.5773502691896257 0.5257850965583686 0.5257851876341658
0.75 0.769800358919501 0.08374144656686004 0.0837412595574413
0.75 0.9622504486493763 0.008189523351593689 0.008189540441092664
0.75 1.1547005383792515 0.009286216296631318 0.00928614727166779
0.75 1.3471506281091268 0.00816011188791179 0.008160259446686564
0.75 1.539600717839002 0.08373392533863465 0.083733770648946
0.75 1.7320508075688772 0.5257850965583687 0.5257851876341659
0.75 1.9245008972987525 0.08374144656685992 0.08374125955744105
0.75 2.116950987028628 0.008189523351593564 0.008189540441092543
0.75 2.309401076758503 0.009286216296631181 0.009286147271667683
0.8333333333333334 -2.309401076758503 0.007396989955493356 0.007396945259618978
0.8333333333333334 -2.116950987028628 0.007225401887134409 0.007225403877874373
0.8333333333333334 -1.9245008972987525 0.5230797638715775 0.5230801316521033
0.8333333333333334 -1.7320508075688772 0.943013409689505 0.9430135723345463
0.8333333333333334 -1.539600717839002 0.5232384720403672 0.5232387673250435
0.8333333333333334 -1.3471506281091268 0.007176978805922456 0.007176967050814163
0.8333333333333334 -1.1547005383792515 0.007396989955493407 0.007396945259619061
0.8333333333333334 -0.9622504486493763 0.00722540188713457 0.0072254038778745595
0.8333333333333334 -0.769800358919501 0.5230797638715777 0.5230801316521035
0.8333333333333334 -0.5773502691896257 0.9430134096895048 0.9430135723345459
0.8333333333333334 -0.3849001794597505 0.5232384720403671 0.5232387673250432
0.8333333333333334 -0.19245008972987526 0.007176978805922758 0.007176967050814486
0.8333333333333334 0.0 0.007396989955493134 0.007396945259618776
0.8333333333333334 0.19245008972987526 0.007225401887134447 0.007225403877874409
0.8333333333333334 0.3849001794597505 0.5230797638715778 0.5230801316521037
0.8333333333333334 0.5773502691896257 0.943013409689505 0.9430135723345461
0.8333333333333334 0.769800358919501 0.5232384720403674 0.5232387673250435
0.8333333333333334 0.9622504486493763 0.007176978805922972 0.007176967050814692
0.8333333333333334 1.1547005383792515 0.007396989955493453 0.007396945259619094
0.8333333333333334 1.3471506281091268 0.007225401887134119 0.007225403877874067
0.8333333333333334 1.539600717839002 0.5230797638715781 0.5230801316521039
0.8333333333333334 1.7320508075688772 0.9430134096895051 0.9430135723345465
0.8333333333333334 1.9245008972987525 0.5232384720403667 0.5232387673250428
0.8333333333333334 2.116950987028628 0.007176978805922797 0.00717696705081452
0.8333333333333334 2.309401076758503 0.007396989955493417 0.007396945259619056
0.9166666666666666 -2.309401076758503 0.007104106255837473 0.007104075597121428
0.9166666666666666 -2.116950987028628 0.00660399829475973 0.006603999131826453
0.9166666666666666 -1.9245008972987525 0.911973047395899 0.9119728735134888
0.9166666666666666 -1.7320508075688772 0.9538288211887718 0.9538289547652892
0.9166666666666666 -1.539600717839002 0.9119524444304759 0.9119523480861437
0.9166666666666666 -1.3471506281091268 0.006665766558942289 0.006665797910584202
0.9166666666666666 -1.1547005383792515 0.007104106255837668 0.007104075597121618
0.9166666666666666 -0.9622504486493763 0.006603998294759751 0.006603999131826476
0.9166666666666666 -0.769800358919501 0.9119730473958992 0.911972873513489
0.9166666666666666 -0.5773502691896257 0.9538288211887719 0.9538289547652888
0.9166666666666666 -0.3849001794597505 0.9119524444304763 0.9119523480861439
0.9166666666666666 -0.19245008972987526 0.006665766558942521 0.006665797910584453
0.9166666666666666 0.0 0.007104106255837861 0.007104075597121795
0.9166666666666666 0.19245008972987526 0.006603998294759645 0.006603999131826358
0.9166666666666666 0.3849001794597505 0.9119730473958993 0.9119728735134893
0.9166666666666666 0.5773502691896257 0.953828821188772 0.9538289547652893
0.9166666666666666 0.769800358919501 0.9119524444304763 0.911952348086144
0.9166666666666666 0.9622504486493763 0.0066657665589426075 0.006665797910584548
0.9166666666666666 1.1547005383792515 0.007104106255837697 0.007104075597121649
0.9166666666666666 1.3471506281091268 0.006603998294759441 0.0066039991318261404
0.9166666666666666 1.539600717839002 0.9119730473958992 0.911972873513489
0.9166666666666666 1.7320508075688772 0.9538288211887712 0.9538289547652881
0.9166666666666666 1.9245008972987525 0.9119524444304765 0.9119523480861448
0.9166666666666666 2.116950987028628 0.006665766558942672 0.0066657979105846045
0.9166666666666666 2.309401076758503 0.00710410625583755 0.007104075597121472
1.0 -2.309401076758503 0.00762473928083335 0.007624687297083314
1.0 -2.116950987028628 0.006838356484583344 0.006838310476458336
1.0 -1.9245008972987525 0.9029644166095832 0.9029648369764577
1.0 -1.7320508075688772 0.9547551645308324 0.9547554127970821
1.0 -1.539600717839002 0.902964416609584 0.9029648369764589
1.0 -1.3471506281091268 0.006838356484583017 0.006838310476458024
1.0 -1.1547005383792515 0.00762473928083335 0.007624687297083314
1.0 -0.9622504486493763 0.006838356484583357 0.006838310476458353
1.0 -0.769800358919501 0.9029644166095829 0.9029648369764578
1.0 -0.5773502691896257 0.9547551645308324 0.9547554127970821
1.0 -0.3849001794597505 0.902964416609584 0.9029648369764585
1.0 -0.19245008972987526 0.0068383564845834865 0.006838310476458493
1.0 0.0 0.00762473928083335 0.007624687297083314
1.0 0.19245008972987526 0.006838356484583488 0.006838310476458499
1.0 0.3849001794597505 0.9029644166095836 0.9029648369764587
1.0 0.5773502691896257 0.9547551645308324 0.9547554127970821
1.0 0.769800358919501 0.9029644166095838 0.9029648369764579
1.0 0.9622504486493763 0.00683835648458336 0.006838310476458349
1.0 1.1547005383792515 0.00762473928083335 0.007624687297083314
1.0 1.3471506281091268 0.006838356484583019 0.006838310476458015
1.0 1.539600717839002 0.9029644166095838 0.9029648369764591
1.0 1.7320508075688772 0.9547551645308324 0.9547554127970821
1.0 1.9245008972987525 0.9029644166095833 0.9029648369764577
1.0 2.116950987028628 0.006838356484583351 0.006838310476458321
1.0 2.309401076758503 0.00762473928083335 0.007624687297083314
1.0833333333333333 -2.309401076758503 0.007104106255838393 0.007104075597122322
1.0833333333333333 -2.116950987028628 0.006665766558942547 0.006665797910584466
1.0833333333333333 -1.9245008972987525 0.9119524444304764 0.9119523480861449
1.0833333333333333 -1.7320508075688772 0.953828821188772 0.953828954765289
1.0833333333333333 -1.539600717839002 0.9119730473958997 0.9119728735134895
1.0833333333333333 -1.3471506281091268 0.006603998294759515 0.0066039991318262515
1.0833333333333333 -1.1547005383792515 0.00710410625583837 0.007104075597122337
1.0833333333333333 -0.9622504486493763 0.006665766558942897 0.00666579791058482
1.0833333333333333 -0.769800358919501 0.9119524444304766 0.911952348086145
1.0833333333333333 -0.5773502691896257 0.9538288211887717 0.9538289547652888
1.0833333333333333 -0.3849001794597505 0.9119730473958995 0.9119728735134897
1.0833333333333333 -0.19245008972987526 0.006603998294759717 0.006603999131826426
1.0833333333333333 0.0 0.007104106255838367 0.007104075597122308
1.0833333333333333 0.19245008972987526 0.006665766558942576 0.006665797910584496
1.0833333333333333 0.3849001794597505 0.9119524444304764 0.9119523480861448
1.0833333333333333 0.5773502691896257 0.9538288211887718 0.9538289547652892
1.0833333333333333 0.769800358919501 0.9119730473958995 0.9119728735134894
1.0833333333333333 0.9622504486493763 0.006603998294760028 0.006603999131826748
1.0833333333333333 1.1547005383792515 0.007104106255838365 0.007104075597122308
1.0833333333333333 1.3471506281091268 0.006665766558942381 0.006665797910584306
1.0833333333333333 1.539600717839002 0.911952444430476 0.9119523480861449
1.0833333333333333 1.7320508075688772 0.9538288211887715 0.9538289547652883
1.0833333333333333 1.9245008972987525 0.9119730473958992 0.9119728735134899
1.0833333333333333 2.116950987028628 0.006603998294759582 0.0066039991318263035
1.0833333333333333 2.309401076758503 0.007104106255838358 0.007104075597122291
1.1666666666666667 -2.309401076758503 0.007396989955493297 0.007396945259618926
1.1666666666666667 -2.116950987028628 0.007176978805922582 0.00717696705081429
1.1666666666666667 -1.9245008972987525 0.5232384720403666 0.5232387673250429
1.1666666666666667 -1.7320508075688772 0.943013409689505 0.9430135723345464
1.1666666666666667 -1.539600717839002 0.5230797638715777 0.5230801316521035
1.1666666666666667 -1.3471506281091268 0.0072254018871340114 0.007225403877873957
1.1666666666666667 -1.1547005383792515 0.007396989955492844 0.007396945259618477
1.1666666666666667 -0.9622504486493763 0.007176978805922457 0.007176967050814172
1.1666666666666667 -0.769800358919501 0.523238472040367 0.5232387673250428
1.1666666666666667 -0.5773502691896257 0.9430134096895048 0.9430135723345462
1.1666666666666667 -0.3849001794597505 0.5230797638715775 0.5230801316521033
1.1666666666666667 -0.19245008972987526 0.0072254018871341225 0.007225403877874068
1.1666666666666667 0.0 0.007396989955493108 0.007396945259618719
1.1666666666666667 0.19245008972987526 0.0071769788059224526 0.0071769670508141925
1.1666666666666667 0.3849001794597505 0.5232384720403669 0.523238767325043
1.1666666666666667 0.5773502691896257 0.9430134096895052 0.9430135723345463
1.1666666666666667 0.769800358919501 0.5230797638715773 0.523080131652103
1.1666666666666667 0.9622504486493763 0.007225401887134076 0.007225403877874025
1.1666666666666667 1.1547005383792515 0.007396989955492768 0.007396945259618417
1.1666666666666667 1.3471506281091268 0.0071769788059223676 0.007176967050814105
1.1666666666666667 1.539600717839002 0.5232384720403668 0.5232387673250434
1.1666666666666667 1.7320508075688772 0.943013409689505 0.9430135723345465
1.1666666666666667 1.9245008972987525 0.5230797638715772 0.5230801316521033
1.1666666666666667 2.116950987028628 0.0072254018871341676 0.0072254038778741345
1.1666666666666667 2.309401076758503 0.007396989955493212 0.007396945259618848
1.25 -2.309401076758503 0.009286216296630867 0.009286147271667364
1.25 -2.116950987028628 0.008189523351593609 0.008189540441092599
1.25 -1.9245008972987525 0.08374144656686004 0.08374125955744123
1.25 -1.7320508075688772 0.5257850965583688 0.5257851876341658
1.25 -1.539600717839002 0.08373392533863454 0.08373377064894585
1.25 -1.3471506281091268 0.008160111887911782 0.008160259446686594
1.25 -1.1547005383792515 0.009286216296631206 0.009286147271667685
1.25 -0.9622504486493763 0.008189523351593465 0.008189540441092442
1.25 -0.769800358919501 0.08374144656685978 0.08374125955744095
1.25 -0.5773502691896257 0.5257850965583696 0.5257851876341667
1.25 -0.3849001794597505 0.08373392533863476 0.08373377064894591
1.25 -0.19245008972987526 0.008160111887911815 0.008160259446686583
1.25 0.0 0.009286216296631199 0.009286147271667697
1.25 0.19245008972987526 0.008189523351593543 0.008189540441092533
1.25 0.3849001794597505 0.08374144656686032 0.08374125955744138
1.25 0.5773502691896257 0.5257850965583694 0.5257851876341665
1.25 0.769800358919501 0.08373392533863437 0.08373377064894563
1.25 0.9622504486493763 0.008160111887911686 0.00816025944668646
1.25 1.1547005383792515 0.009286216296631136 0.009286147271667645
1.25 1.3471506281091268 0.008189523351593507 0.008189540441092491
1.25 1.539600717839002 0.08374144656686013 0.08374125955744129
1.25 1.7320508075688772 0.5257850965583688 0.5257851876341662
1.25 1.9245008972987525 0.0837339253386348 0.08373377064894622
1.25 2.116950987028628 0.008160111887911844 0.008160259446686623
1.25 2.309401076758503 0.009286216296630739 0.009286147271667232
1.3333333333333333 -2.309401076758503 0.010307063093332873 0.010307050547082846
1.3333333333333333 -2.116950987028628 0.008674431359583575 0.008674439288958554
1.3333333333333333 -1.9245008972987525 0.036942149547082866 0.03694257941395787
1.3333333333333333 -1.7320508075688772 0.05034046071833296 0.05034074704708294
1.3333333333333333 -1.539600717839002 0.036943474234583204 0.03694398191395823
1.3333333333333333 -1.3471506281091268 0.008696459797083321 0.0086964742889583
1.3333333333333333 -1.1547005383792515 0.010307063093333419 0.01030705054708342
1.3333333333333333 -0.9622504486493763 0.008674431359583309 0.00867443928895829
1.3333333333333333 -0.769800358919501 0.03694214954708342 0.036942579413958475
1.3333333333333333 -0.5773502691896257 0.05034046071833357 0.050340747047083516
1.3333333333333333 -0.3849001794597505 0.03694347423458317 0.03694398191395823
1.3333333333333333 -0.19245008972987526 0.008696459797083365 0.008696474288958313
1.3333333333333333 0.0 0.010307063093333227 0.010307050547083228
1.3333333333333333 0.19245008972987526 0.008674431359583325 0.008674439288958325
1.3333333333333333 0.3849001794597505 0.036942149547083324 0.03694257941395832
1.3333333333333333 0.5773502691896257 0.050340460718333646 0.050340747047083516
1.3333333333333333 0.769800358919501 0.03694347423458343 0.03694398191395843
1.3333333333333333 0.9622504486493763 0.008696459797083295 0.008696474288958289
1.3333333333333333 1.1547005383792515 0.0103070630933334 0.010307050547083398
1.3333333333333333 1.3471506281091268 0.00867443135958327 0.008674439288958292
1.3333333333333333 1.539600717839002 0.036942149547083324 0.03694257941395831
1.3333333333333333 1.7320508075688772 0.05034046071833314 0.050340747047083
1.3333333333333333 1.9245008972987525 0.036943474234582836 0.03694398191395787
1.3333333333333333 2.116950987028628 0.008696459797083538 0.008696474288958525
1.3333333333333333 2.309401076758503 0.010307063093332822 0.010307050547082823
1.4166666666666667 -2.309401076758503 0.011530425371405022 0.011530406762216887
1.4166666666666667 -2.116950987028628 0.011255852512187841 0.011255844403092182
1.4166666666666667 -1.9245008972987525 0.018894415527840616 0.01889417433229059
1.4166666666666667 -1.7320508075688772 0.031212700393985812 0.031212687687038443
1.4166666666666667 -1.539600717839002 0.018887979407574203 0.01888779097310465
1.4166666666666667 -1.3471506281091268 0.011237497662314785 0.011237506837802324
1.4166666666666667 -1.1547005383792515 0.01153042537140423 0.011530406762216111
1.4166666666666667 -0.9622504486493763 0.011255852512187822 0.011255844403092172
1.4166666666666667 -0.769800358919501 0.01889441552784063 0.018894174332290535
1.4166666666666667 -0.5773502691896257 0.031212700393985382 0.031212687687038096
1.4166666666666667 -0.3849001794597505 0.018887979407574022 0.018887790973104442
1.4166666666666667 -0.19245008972987526 0.011237497662315158 0.011237506837802683
1.4166666666666667 0.0 0.01153042537140455 0.011530406762216401
1.4166666666666667 0.19245008972987526 0.011255852512187976 0.011255844403092335
1.4166666666666667 0.3849001794597505 0.01889441552784049 0.018894174332290445
1.4166666666666667 0.5773502691896257 0.03121270039398546 0.031212687687038082
1.4166666666666667 0.769800358919501 0.01888797940757416 0.018887790973104578
1.4166666666666667 0.9622504486493763 0.01123749766231501 0.011237506837802514
1.4166666666666667 1.1547005383792515 0.011530425371404172 0.011530406762216023
1.4166666666666667 1.3471506281091268 0.011255852512187574 0.011255844403091912
1.4166666666666667 1.539600717839002 0.018894415527840693 0.01889417433229061
1.4166666666666667 1.7320508075688772 0.031212700393985805 0.031212687687038457
1.4166666666666667 1.9245008972987525 0.01888797940757424 0.018887790973104675
1.4166666666666667 2.116950987028628 0.01123749766231503 0.01123750683780251
1.4166666666666667 2.309401076758503 0.01153042537140494 0.01153040676221681
1.5 -2.309401076758503 0.018225308572499994 0.018225375047083336
1.5 -2.116950987028628 0.014775169900780953 0.014775316904029617
1.5 -1.9245008972987525 0.014775169900780505 0.014775316904029176
1.5 -1.7320508075688772 0.018225308572499804 0.018225375047083138
1.5 -1.539600717839002 0.014786366526719925 0.014786675548887905
1.5 -1.3471506281091268 0.014786366526719887 0.014786675548887887
1.5 -1.1547005383792515 0.018225308572499842 0.018225375047083197
1.5 -0.9622504486493763 0.014775169900780373 0.014775316904029062
1.5 -0.769800358919501 0.014775169900780573 0.014775316904029267
1.5 -0.5773502691896257 0.01822530857249998 0.018225375047083332
1.5 -0.3849001794597505 0.014786366526719703 0.014786675548887664
1.5 -0.19245008972987526 0.01478636652671978 0.014786675548887756
1.5 0.0 0.018225308572500126 0.018225375047083457
1.5 0.19245008972987526 0.01477516990078059 0.01477531690402926
1.5 0.3849001794597505 0.014775169900780495 0.014775316904029194
1.5 0.5773502691896257 0.0182253085725 0.01822537504708334
1.5 0.769800358919501 0.014786366526719802 0.014786675548887764
1.5 0.9622504486493763 0.014786366526719542 0.014786675548887504
1.5 1.1547005383792515 0.01822530857249976 0.018225375047083103
1.5 1.3471506281091268 0.014775169900780724 0.014775316904029421
1.5 1.539600717839002 0.014775169900780774 0.014775316904029443
1.5 1.7320508075688772 0.018225308572499814 0.01822537504708316
1.5 1.9245008972987525 0.01478636652671975 0.014786675548887716
1.5 2.116950987028628 0.014786366526720158 0.014786675548888096
1.5 2.309401076758503 0.018225308572499918 0.01822537504708325
1.5833333333333333 -2.309401076758503 0.03121270039398484 0.0312126876870375
1.5833333333333333 -2.116950987028628 0.018894415527840748 0.018894174332290743
1.5833333333333333 -1.9245008972987525 0.011255852512187569 0.0112558444030919
1.5833333333333333 -1.7320508075688772 0.011530425371404179 0.011530406762216033
1.5833333333333333 -1.539600717839002 0.011237497662314511 0.011237506837802001
1.5833333333333333 -1.3471506281091268 0.018887979407574265 0.018887790973104678
1.5833333333333333 -1.1547005383792515 0.031212700393985868 0.0312126876870385
1.5833333333333333 -0.9622504486493763 0.018894415527840693 0.01889417433229066
1.5833333333333333 -0.769800358919501 0.011255852512187577 0.011255844403091922
1.5833333333333333 -0.5773502691896257 0.011530425371404713 0.011530406762216585
1.5833333333333333 -0.3849001794597505 0.011237497662314872 0.01123750683780237
1.5833333333333333 -0.19245008972987526 0.018887979407574067 0.0188877909731045
1.5833333333333333 0.0 0.03121270039398534 0.031212687687037985
1.5833333333333333 0.19245008972987526 0.018894415527840547 0.018894174332290545
1.5833333333333333 0.3849001794597505 0.01125585251218765 0.011255844403091991
1.5833333333333333 0.5773502691896257 0.011530425371404689 0.011530406762216564
1.5833333333333333 0.769800358919501 0.011237497662314785 0.011237506837802282
1.5833333333333333 0.9622504486493763 0.018887979407574244 0.018887790973104716
1.5833333333333333 1.1547005383792515 0.031212700393985847 0.031212687687038554
1.5833333333333333 1.3471506281091268 0.018894415527840713 0.01889417433229068
1.5833333333333333 1.539600717839002 0.011255852512187331 0.011255844403091672
1.5833333333333333 1.7320508075688772 0.01153042537140424 0.011530406762216113
1.5833333333333333 1.9245008972987525 0.01123749766231476 0.0112375068378023
1.5833333333333333 2.116950987028628 0.01888797940757434 0.018887790973104793
1.5833333333333333 2.309401076758503 0.031212700393984764 0.03121268768703732
1.6666666666666667 -2.309401076758503 0.05034046071833327 0.05034074704708313
1.6666666666666667 -2.116950987028628 0.03694214954708331 0.03694257941395835
1.6666666666666667 -1.9245008972987525 0.008674431359583297 0.008674439288958294
1.6666666666666667 -1.7320508075688772 0.010307063093333426 0.010307050547083415
1.6666666666666667 -1.539600717839002 0.008696459797083674 0.008696474288958669
1.6666666666666667 -1.3471506281091268 0.036943474234583315 0.03694398191395831
1.6666666666666667 -1.1547005383792515 0.050340460718333195 0.050340747047083016
1.6666666666666667 -0.9622504486493763 0.03694214954708358 0.036942579413958634
1.6666666666666667 -0.769800358919501 0.008674431359583505 0.008674439288958505
1.6666666666666667 -0.5773502691896257 0.010307063093333346 0.010307050547083339
1.6666666666666667 -0.3849001794597505 0.008696459797083235 0.008696474288958212
1.6666666666666667 -0.19245008972987526 0.0369434742345831 0.036943981913958084
1.6666666666666667 0.0 0.05034046071833347 0.05034074704708336
1.6666666666666667 0.19245008972987526 0.03694214954708316 0.03694257941395814
1.6666666666666667 0.3849001794597505 0.00867443135958321 0.008674439288958209
1.6666666666666667 0.5773502691896257 0.010307063093333351 0.01030705054708336
1.6666666666666667 0.769800358919501 0.00869645979708354 0.008696474288958533
1.6666666666666667 0.9622504486493763 0.036943474234583516 0.03694398191395853
1.6666666666666667 1.1547005383792515 0.05034046071833324 0.05034074704708312
1.6666666666666667 1.3471506281091268 0.03694214954708335 0.03694257941395839
1.6666666666666667 1.539600717839002 0.008674431359583661 0.008674439288958667
1.6666666666666667 1.7320508075688772 0.01030706309333346 0.010307050547083427
1.6666666666666667 1.9245008972987525 0.008696459797083302 0.008696474288958296
1.6666666666666667 2.116950987028628 0.03694347423458315 0.03694398191395817
1.6666666666666667 2.309401076758503 0.0503404607183332 0.05034074704708312
1.75 -2.309401076758503 0.5257850965583688 0.5257851876341656
1.75 -2.116950987028628 0.08374144656686003 0.08374125955744124
1.75 -1.9245008972987525 0.008189523351593574 0.00818954044109257
1.75 -1.7320508075688772 0.009286216296631102 0.009286147271667577
1.75 -1.539600717839002 0.008160111887912038 0.008160259446686847
1.75 -1.3471506281091268 0.08373392533863463 0.08373377064894602
1.75 -1.1547005383792515 0.5257850965583689 0.5257851876341657
1.75 -0.9622504486493763 0.08374144656686003 0.08374125955744119
1.75 -0.769800358919501 0.008189523351593633 0.008189540441092626
1.75 -0.5773502691896257 0.009286216296631206 0.00928614727166768
1.75 -0.3849001794597505 0.008160111887912056 0.008160259446686854
1.75 -0.19245008972987526 0.08373392533863475 0.0837337706489462
1.75 0.0 0.5257850965583689 0.5257851876341656
1.75 0.19245008972987526 0.08374144656686028 0.08374125955744151
1.75 0.3849001794597505 0.008189523351593868 0.008189540441092843
1.75 0.5773502691896257 0.00928621629663124 0.00928614727166775
1.75 0.769800358919501 0.008160111887911931 0.008160259446686708
1.75 0.9622504486493763 0.08373392533863451 0.08373377064894574
1.75 1.1547005383792515 0.5257850965583685 0.5257851876341655
1.75 1.3471506281091268 0.08374144656686011 0.08374125955744136
1.75 1.539600717839002 0.008189523351593855 0.008189540441092834
1.75 1.7320508075688772 0.009286216296631131 0.009286147271667622
1.75 1.9245008972987525 0.008160111887911915 0.008160259446686701
1.75 2.116950987028628 0.08373392533863443 0.08373377064894562
1.75 2.309401076758503 0.5257850965583684 0.5257851876341655
1.8333333333333333 -2.309401076758503 0.943013409689505 0.9430135723345459
1.8333333333333333 -2.116950987028628 0.5232384720403658 0.5232387673250422
1.8333333333333333 -1.9245008972987525 0.007176978805922621 0.007176967050814369
1.8333333333333333 -1.7320508075688772 0.007396989955492997 0.007396945259618614
1.8333333333333333 -1.539600717839002 0.007225401887134189 0.007225403877874148
1.8333333333333333 -1.3471506281091268 0.5230797638715768 0.5230801316521027
1.8333333333333333 -1.1547005383792515 0.9430134096895053 0.9430135723345464
1.8333333333333333 -0.9622504486493763 0.523238472040366 0.5232387673250422
1.8333333333333333 -0.769800358919501 0.007176978805922376 0.007176967050814111
1.8333333333333333 -0.5773502691896257 0.007396989955493075 0.0073969452596187105
1.8333333333333333 -0.3849001794597505 0.007225401887134109 0.007225403877874088
1.8333333333333333 -0.19245008972987526 0.5230797638715765 0.5230801316521021
1.8333333333333333 0.0 0.9430134096895049 0.9430135723345462
1.8333333333333333 0.19245008972987526 0.523238472040366 0.5232387673250419
1.8333333333333333 0.3849001794597505 0.00717697880592248 0.0071769670508142185
1.8333333333333333 0.5773502691896257 0.007396989955493073 0.007396945259618712
1.8333333333333333 0.769800358919501 0.007225401887134036 0.007225403877873989
1.8333333333333333 0.9622504486493763 0.5230797638715765 0.5230801316521024
1.8333333333333333 1.1547005383792515 0.943013409689505 0.9430135723345463
1.8333333333333333 1.3471506281091268 0.5232384720403661 0.523238767325042
1.8333333333333333 1.539600717839002 0.007176978805922605 0.007176967050814344
1.8333333333333333 1.7320508075688772 0.007396989955493037 0.007396945259618672
1.8333333333333333 1.9245008972987525 0.007225401887134416 0.007225403877874388
1.8333333333333333 2.116950987028628 0.5230797638715764 0.5230801316521028
1.8333333333333333 2.309401076758503 0.943013409689505 0.9430135723345462
1.9166666666666667 -2.309401076758503 0.9538288211887715 0.9538289547652893
1.9166666666666667 -2.116950987028628 0.9119524444304755 0.9119523480861438
1.9166666666666667 -1.9245008972987525 0.0066657665589425485 0.0066657979105844666
1.9166666666666667 -1.7320508075688772 0.007104106255838095 0.0071040755971220546
1.9166666666666667 -1.539600717839002 0.0066039982947597095 0.006603999131826423
1.9166666666666667 -1.3471506281091268 0.9119730473958995 0.91197287351349
1.9166666666666667 -1.1547005383792515 0.953828821188771 0.953828954765289
1.9166666666666667 -0.9622504486493763 0.9119524444304757 0.9119523480861443
1.9166666666666667 -0.769800358919501 0.0066657665589429736 0.0066657979105848985
1.9166666666666667 -0.5773502691896257 0.00710410625583832 0.0071040755971222575
1.9166666666666667 -0.3849001794597505 0.006603998294760068 0.0066039991318267745
1.9166666666666667 -0.19245008972987526 0.9119730473958992 0.9119728735134893
1.9166666666666667 0.0 0.9538288211887712 0.9538289547652891
1.9166666666666667 0.19245008972987526 0.9119524444304763 0.9119523480861447
1.9166666666666667 0.3849001794597505 0.006665766558942938 0.006665797910584855
1.9166666666666667 0.5773502691896257 0.007104106255838374 0.007104075597122273
1.9166666666666667 0.769800358919501 0.006603998294760109 0.006603999131826822
1.9166666666666667 0.9622504486493763 0.911973047395899 0.9119728735134898
1.9166666666666667 1.1547005383792515 0.9538288211887705 0.9538289547652881
1.9166666666666667 1.3471506281091268 0.9119524444304767 0.9119523480861451
1.9166666666666667 1.539600717839002 0.006665766558942554 0.006665797910584476
1.9166666666666667 1.7320508075688772 0.007104106255838091 0.0071040755971220285
1.9166666666666667 1.9245008972987525 0.006603998294759692 0.006603999131826414
1.9166666666666667 2.116950987028628 0.911973047395899 0.9119728735134893
1.9166666666666667 2.309401076758503 0.9538288211887719 0.9538289547652886
2.0 -2.309401076758503 0.9547551645308324 0.9547554127970821
2.0 -2.116950987028628 0.9029644166095833 0.9029648369764584
2.0 -1.9245008972987525 0.006838356484583294 0.006838310476458296
2.0 -1.7320508075688772 0.00762473928083335 0.007624687297083314
2.0 -1.539600717839002 0.006838356484583152 0.0068383104764581665
2.0 -1.3471506281091268 0.9029644166095833 0.9029648369764577
2.0 -1.1547005383792515 0.9547551645308324 0.9547554127970821
2.0 -0.9622504486493763 0.9029644166095839 0.9029648369764586
2.0 -0.769800358919501 0.006838356484583305 0.006838310476458281
2.0 -0.5773502691896257 0.00762473928083335 0.007624687297083314
2.0 -0.3849001794597505 0.006838356484583016 0.006838310476457997
2.0 -0.19245008972987526 0.902964416609583 0.902964836976458
2.0 0.0 0.9547551645308324 0.9547554127970821
2.0 0.19245008972987526 0.9029644166095835 0.9029648369764579
2.0 0.3849001794597505 0.00683835648458299 0.006838310476457996
2.0 0.5773502691896257 0.00762473928083335 0.007624687297083314
2.0 0.769800358919501 0.006838356484583284 0.0068383104764582975
2.0 0.9622504486493763 0.9029644166095834 0.9029648369764586
2.0 1.1547005383792515 0.9547551645308324 0.9547554127970821
2.0 1.3471506281091268 0.9029644166095834 0.9029648369764576
2.0 1.539600717839002 0.006838356484583162 0.006838310476458156
2.0 1.7320508075688772 0.00762473928083335 0.007624687297083314
2.0 1.9245008972987525 0.006838356484583282 0.006838310476458293
2.0 2.116950987028628 0.9029644166095837 0.9029648369764589
2.0 2.309401076758503 0.9547551645308324 0.9547554127970821
