-2.0 -2.309401076758503 0.9690241262423428 0.9690241262423428
-2.0 -2.116950987028628 0.9620875446373776 0.9620875446373776
-2.0 -1.9245008972987525 0.00870130109375971 0.00870130109375971
-2.0 -1.7320508075688772 0.013855015844894665 0.013855015844894665
-2.0 -1.539600717839002 0.008701301093759554 0.008701301093759554
-2.0 -1.3471506281091268 0.9620875446373788 0.9620875446373788
-2.0 -1.1547005383792515 0.9690241262423428 0.9690241262423428
-2.0 -0.9622504486493763 0.9620875446373776 0.9620875446373776
-2.0 -0.769800358919501 0.00870130109375969 0.00870130109375969
-2.0 -0.5773502691896257 0.013855015844894665 0.013855015844894665
-2.0 -0.3849001794597505 0.008701301093759668 0.008701301093759668
-2.0 -0.19245008972987526 0.9620875446373778 0.9620875446373778
-2.0 0.0 0.9690241262423428 0.9690241262423428
-2.0 0.19245008972987526 0.9620875446373773 0.9620875446373773
-2.0 0.3849001794597505 0.008701301093759653 0.008701301093759653
-2.0 0.5773502691896257 0.013855015844894665 0.013855015844894665
-2.0 0.769800358919501 0.008701301093759687 0.008701301093759687
-2.0 0.9622504486493763 0.9620875446373777 0.9620875446373777
-2.0 1.1547005383792515 0.9690241262423428 0.9690241262423428
-2.0 1.3471506281091268 0.9620875446373786 0.9620875446373786
-2.0 1.539600717839002 0.008701301093759588 0.008701301093759588
-2.0 1.7320508075688772 0.013855015844894665 0.013855015844894665
-2.0 1.9245008972987525 0.008701301093759745 0.008701301093759745
-2.0 2.116950987028628 0.9620875446373772 0.9620875446373772
-2.0 2.309401076758503 0.9690241262423428 0.9690241262423428
-1.9166666666666667 -2.309401076758503 0.9623254786607525 0.9623254786607525
-1.9166666666666667 -2.116950987028628 0.9606372410904921 0.9606372410904921
-1.9166666666666667 -1.9245008972987525 0.010456579617887887 0.010456579617887887
-1.9166666666666667 -1.7320508075688772 0.015430613690433137 0.015430613690433137
-1.9166666666666667 -1.539600717839002 0.010456579617887174 0.010456579617887174
-1.9166666666666667 -1.3471506281091268 0.9606372410904928 0.9606372410904928
-1.9166666666666667 -1.1547005383792515 0.9623254786607517 0.9623254786607517
-1.9166666666666667 -0.9622504486493763 0.960637241090493 0.960637241090493
-1.9166666666666667 -0.769800358919501 0.010456579617887908 0.010456579617887908
-1.9166666666666667 -0.5773502691896257 0.015430613690432816 0.015430613690432816
-1.9166666666666667 -0.3849001794597505 0.010456579617887537 0.010456579617887537
-1.9166666666666667 -0.19245008972987526 0.9606372410904928 0.9606372410904928
-1.9166666666666667 0.0 0.9623254786607534 0.9623254786607534
-1.9166666666666667 0.19245008972987526 0.9606372410904928 0.9606372410904928
-1.9166666666666667 0.3849001794597505 0.010456579617887558 0.010456579617887558
-1.9166666666666667 0.5773502691896257 0.015430613690432854 0.015430613690432854
-1.9166666666666667 0.769800358919501 0.0104565796178879 0.0104565796178879
-1.9166666666666667 0.9622504486493763 0.9606372410904928 0.9606372410904928
-1.9166666666666667 1.1547005383792515 0.9623254786607531 0.9623254786607531
-1.9166666666666667 1.3471506281091268 0.9606372410904928 0.9606372410904928
-1.9166666666666667 1.539600717839002 0.010456579617887249 0.010456579617887249
-1.9166666666666667 1.7320508075688772 0.015430613690433118 0.015430613690433118
-1.9166666666666667 1.9245008972987525 0.010456579617887849 0.010456579617887849
-1.9166666666666667 2.116950987028628 0.9606372410904922 0.9606372410904922
-1.9166666666666667 2.309401076758503 0.9623254786607535 0.9623254786607535
-1.8333333333333333 -2.309401076758503 0.9577529575088197 0.9577529575088197
-1.8333333333333333 -2.116950987028628 0.9442670187606531 0.9442670187606531
-1.8333333333333333 -1.9245008972987525 0.011164547718725415 0.011164547718725415
-1.8333333333333333 -1.7320508075688772 0.0161610762505809 0.0161610762505809
-1.8333333333333333 -1.539600717839002 0.011164547718724813 0.011164547718724813
-1.8333333333333333 -1.3471506281091268 0.9442670187606537 0.9442670187606537
-1.8333333333333333 -1.1547005383792515 0.95775295750882 0.95775295750882
-1.8333333333333333 -0.9622504486493763 0.9442670187606529 0.9442670187606529
-1.8333333333333333 -0.769800358919501 0.011164547718725102 0.011164547718725102
-1.8333333333333333 -0.5773502691896257 0.016161076250581313 0.016161076250581313
-1.8333333333333333 -0.3849001794597505 0.011164547718725382 0.011164547718725382
-1.8333333333333333 -0.19245008972987526 0.9442670187606533 0.9442670187606533
-1.8333333333333333 0.0 0.95775295750882 0.95775295750882
-1.8333333333333333 0.19245008972987526 0.9442670187606528 0.9442670187606528
-1.8333333333333333 0.3849001794597505 0.011164547718725342 0.011164547718725342
-1.8333333333333333 0.5773502691896257 0.01616107625058122 0.01616107625058122
-1.8333333333333333 0.769800358919501 0.011164547718725163 0.011164547718725163
-1.8333333333333333 0.9622504486493763 0.9442670187606539 0.9442670187606539
-1.8333333333333333 1.1547005383792515 0.95775295750882 0.95775295750882
-1.8333333333333333 1.3471506281091268 0.9442670187606532 0.9442670187606532
-1.8333333333333333 1.539600717839002 0.011164547718724742 0.011164547718724742
-1.8333333333333333 1.7320508075688772 0.016161076250580907 0.016161076250580907
-1.8333333333333333 1.9245008972987525 0.01116454771872533 0.01116454771872533
-1.8333333333333333 2.116950987028628 0.9442670187606539 0.9442670187606539
-1.8333333333333333 2.309401076758503 0.95775295750882 0.95775295750882
-1.75 -2.309401076758503 0.9430550289911842 0.9430550289911842
-1.75 -2.116950987028628 0.8623006219013534 0.8623006219013534
-1.75 -1.9245008972987525 0.012783797107212502 0.012783797107212502
-1.75 -1.7320508075688772 0.017549322924244305 0.017549322924244305
-1.75 -1.539600717839002 0.012783797107212773 0.012783797107212773
-1.75 -1.3471506281091268 0.8623006219013545 0.8623006219013545
-1.75 -1.1547005383792515 0.9430550289911838 0.9430550289911838
-1.75 -0.9622504486493763 0.8623006219013544 0.8623006219013544
-1.75 -0.769800358919501 0.012783797107212959 0.012783797107212959
-1.75 -0.5773502691896257 0.017549322924244493 0.017549322924244493
-1.75 -0.3849001794597505 0.012783797107212825 0.012783797107212825
-1.75 -0.19245008972987526 0.8623006219013533 0.8623006219013533
-1.75 0.0 0.9430550289911831 0.9430550289911831
-1.75 0.19245008972987526 0.8623006219013536 0.8623006219013536
-1.75 0.3849001794597505 0.012783797107212832 0.012783797107212832
-1.75 0.5773502691896257 0.017549322924244486 0.017549322924244486
-1.75 0.769800358919501 0.012783797107212969 0.012783797107212969
-1.75 0.9622504486493763 0.8623006219013528 0.8623006219013528
-1.75 1.1547005383792515 0.9430550289911838 0.9430550289911838
-1.75 1.3471506281091268 0.862300621901354 0.862300621901354
-1.75 1.539600717839002 0.01278379710721274 0.01278379710721274
-1.75 1.7320508075688772 0.017549322924244243 0.017549322924244243
-1.75 1.9245008972987525 0.012783797107212386 0.012783797107212386
-1.75 2.116950987028628 0.862300621901353 0.862300621901353
-1.75 2.309401076758503 0.9430550289911841 0.9430550289911841
-1.6666666666666667 -2.309401076758503 0.7611137964120473 0.7611137964120473
-1.6666666666666667 -2.116950987028628 0.3296376839606251 0.3296376839606251
-1.6666666666666667 -1.9245008972987525 0.015410870442698633 0.015410870442698633
-1.6666666666666667 -1.7320508075688772 0.024510835658004 0.024510835658004
-1.6666666666666667 -1.539600717839002 0.015410870442699117 0.015410870442699117
-1.6666666666666667 -1.3471506281091268 0.3296376839606258 0.3296376839606258
-1.6666666666666667 -1.1547005383792515 0.7611137964120468 0.7611137964120468
-1.6666666666666667 -0.9622504486493763 0.3296376839606263 0.3296376839606263
-1.6666666666666667 -0.769800358919501 0.015410870442698949 0.015410870442698949
-1.6666666666666667 -0.5773502691896257 0.02451083565800377 0.02451083565800377
-1.6666666666666667 -0.3849001794597505 0.01541087044269896 0.01541087044269896
-1.6666666666666667 -0.19245008972987526 0.32963768396062637 0.32963768396062637
-1.6666666666666667 0.0 0.761113796412047 0.761113796412047
-1.6666666666666667 0.19245008972987526 0.3296376839606265 0.3296376839606265
-1.6666666666666667 0.3849001794597505 0.015410870442698867 0.015410870442698867
-1.6666666666666667 0.5773502691896257 0.0245108356580037 0.0245108356580037
-1.6666666666666667 0.769800358919501 0.015410870442698942 0.015410870442698942
-1.6666666666666667 0.9622504486493763 0.32963768396062587 0.32963768396062587
-1.6666666666666667 1.1547005383792515 0.7611137964120471 0.7611137964120471
-1.6666666666666667 1.3471506281091268 0.32963768396062665 0.32963768396062665
-1.6666666666666667 1.539600717839002 0.015410870442699058 0.015410870442699058
-1.6666666666666667 1.7320508075688772 0.024510835658004018 0.024510835658004018
-1.6666666666666667 1.9245008972987525 0.015410870442698621 0.015410870442698621
-1.6666666666666667 2.116950987028628 0.32963768396062565 0.32963768396062565
-1.6666666666666667 2.309401076758503 0.7611137964120469 0.7611137964120469
-1.5833333333333333 -2.309401076758503 0.1909350815517526 0.1909350815517526
-1.5833333333333333 -2.116950987028628 0.04988494681297413 0.04988494681297413
-1.5833333333333333 -1.9245008972987525 0.02091751528256261 0.02091751528256261
-1.5833333333333333 -1.7320508075688772 0.02935557140142577 0.02935557140142577
-1.5833333333333333 -1.539600717839002 0.02091751528256259 0.02091751528256259
-1.5833333333333333 -1.3471506281091268 0.04988494681297377 0.04988494681297377
-1.5833333333333333 -1.1547005383792515 0.1909350815517535 0.1909350815517535
-1.5833333333333333 -0.9622504486493763 0.049884946812973896 0.049884946812973896
-1.5833333333333333 -0.769800358919501 0.02091751528256266 0.02091751528256266
-1.5833333333333333 -0.5773502691896257 0.0293555714014262 0.0293555714014262
-1.5833333333333333 -0.3849001794597505 0.02091751528256256 0.02091751528256256
-1.5833333333333333 -0.19245008972987526 0.04988494681297401 0.04988494681297401
-1.5833333333333333 0.0 0.19093508155175296 0.19093508155175296
-1.5833333333333333 0.19245008972987526 0.04988494681297394 0.04988494681297394
-1.5833333333333333 0.3849001794597505 0.020917515282562568 0.020917515282562568
-1.5833333333333333 0.5773502691896257 0.029355571401426115 0.029355571401426115
-1.5833333333333333 0.769800358919501 0.02091751528256267 0.02091751528256267
-1.5833333333333333 0.9622504486493763 0.04988494681297388 0.04988494681297388
-1.5833333333333333 1.1547005383792515 0.19093508155175334 0.19093508155175334
-1.5833333333333333 1.3471506281091268 0.04988494681297373 0.04988494681297373
-1.5833333333333333 1.539600717839002 0.020917515282562534 0.020917515282562534
-1.5833333333333333 1.7320508075688772 0.029355571401425567 0.029355571401425567
-1.5833333333333333 1.9245008972987525 0.020917515282562617 0.020917515282562617
-1.5833333333333333 2.116950987028628 0.0498849468129742 0.0498849468129742
-1.5833333333333333 2.309401076758503 0.1909350815517525 0.1909350815517525
-1.5 -2.309401076758503 0.04807141934628728 0.04807141934628728
-1.5 -2.116950987028628 0.03076809952678278 0.03076809952678278
-1.5 -1.9245008972987525 0.03076809952678246 0.03076809952678246
-1.5 -1.7320508075688772 0.04807141934628681 0.04807141934628681
-1.5 -1.539600717839002 0.030768099526782867 0.030768099526782867
-1.5 -1.3471506281091268 0.030768099526782625 0.030768099526782625
-1.5 -1.1547005383792515 0.04807141934628702 0.04807141934628702
-1.5 -0.9622504486493763 0.030768099526782493 0.030768099526782493
-1.5 -0.769800358919501 0.030768099526782604 0.030768099526782604
-1.5 -0.5773502691896257 0.04807141934628724 0.04807141934628724
-1.5 -0.3849001794597505 0.030768099526782337 0.030768099526782337
-1.5 -0.19245008972987526 0.03076809952678231 0.03076809952678231
-1.5 0.0 0.04807141934628731 0.04807141934628731
-1.5 0.19245008972987526 0.030768099526782264 0.030768099526782264
-1.5 0.3849001794597505 0.03076809952678224 0.03076809952678224
-1.5 0.5773502691896257 0.04807141934628721 0.04807141934628721
-1.5 0.769800358919501 0.03076809952678266 0.03076809952678266
-1.5 0.9622504486493763 0.03076809952678254 0.03076809952678254
-1.5 1.1547005383792515 0.04807141934628707 0.04807141934628707
-1.5 1.3471506281091268 0.030768099526782545 0.030768099526782545
-1.5 1.539600717839002 0.030768099526782798 0.030768099526782798
-1.5 1.7320508075688772 0.04807141934628678 0.04807141934628678
-1.5 1.9245008972987525 0.03076809952678243 0.03076809952678243
-1.5 2.116950987028628 0.030768099526782833 0.030768099526782833
-1.5 2.309401076758503 0.04807141934628739 0.04807141934628739
-1.4166666666666667 -2.309401076758503 0.029355571401426743 0.029355571401426743
-1.4166666666666667 -2.116950987028628 0.020917515282562693 0.020917515282562693
-1.4166666666666667 -1.9245008972987525 0.04988494681297406 0.04988494681297406
-1.4166666666666667 -1.7320508075688772 0.1909350815517539 0.1909350815517539
-1.4166666666666667 -1.539600717839002 0.04988494681297394 0.04988494681297394
-1.4166666666666667 -1.3471506281091268 0.020917515282562565 0.020917515282562565
-1.4166666666666667 -1.1547005383792515 0.02935557140142575 0.02935557140142575
-1.4166666666666667 -0.9622504486493763 0.020917515282562728 0.020917515282562728
-1.4166666666666667 -0.769800358919501 0.04988494681297387 0.04988494681297387
-1.4166666666666667 -0.5773502691896257 0.1909350815517534 0.1909350815517534
-1.4166666666666667 -0.3849001794597505 0.04988494681297359 0.04988494681297359
-1.4166666666666667 -0.19245008972987526 0.020917515282562894 0.020917515282562894
-1.4166666666666667 0.0 0.029355571401426132 0.029355571401426132
-1.4166666666666667 0.19245008972987526 0.020917515282562846 0.020917515282562846
-1.4166666666666667 0.3849001794597505 0.04988494681297374 0.04988494681297374
-1.4166666666666667 0.5773502691896257 0.19093508155175337 0.19093508155175337
-1.4166666666666667 0.769800358919501 0.04988494681297384 0.04988494681297384
-1.4166666666666667 0.9622504486493763 0.020917515282562776 0.020917515282562776
-1.4166666666666667 1.1547005383792515 0.029355571401425917 0.029355571401425917
-1.4166666666666667 1.3471506281091268 0.02091751528256254 0.02091751528256254
-1.4166666666666667 1.539600717839002 0.04988494681297398 0.04988494681297398
-1.4166666666666667 1.7320508075688772 0.19093508155175423 0.19093508155175423
-1.4166666666666667 1.9245008972987525 0.04988494681297388 0.04988494681297388
-1.4166666666666667 2.116950987028628 0.020917515282562645 0.020917515282562645
-1.4166666666666667 2.309401076758503 0.029355571401426934 0.029355571401426934
-1.3333333333333333 -2.309401076758503 0.024510835658003133 0.024510835658003133
-1.3333333333333333 -2.116950987028628 0.015410870442699178 0.015410870442699178
-1.3333333333333333 -1.9245008972987525 0.3296376839606272 0.3296376839606272
-1.3333333333333333 -1.7320508075688772 0.7611137964120472 0.7611137964120472
-1.3333333333333333 -1.539600717839002 0.3296376839606266 0.3296376839606266
-1.3333333333333333 -1.3471506281091268 0.015410870442698704 0.015410870442698704
-1.3333333333333333 -1.1547005383792515 0.024510835658003903 0.024510835658003903
-1.3333333333333333 -0.9622504486493763 0.015410870442698713 0.015410870442698713
-1.3333333333333333 -0.769800358919501 0.3296376839606272 0.3296376839606272
-1.3333333333333333 -0.5773502691896257 0.7611137964120475 0.7611137964120475
-1.3333333333333333 -0.3849001794597505 0.3296376839606268 0.3296376839606268
-1.3333333333333333 -0.19245008972987526 0.015410870442698933 0.015410870442698933
-1.3333333333333333 0.0 0.024510835658003577 0.024510835658003577
-1.3333333333333333 0.19245008972987526 0.015410870442698897 0.015410870442698897
-1.3333333333333333 0.3849001794597505 0.3296376839606271 0.3296376839606271
-1.3333333333333333 0.5773502691896257 0.7611137964120475 0.7611137964120475
-1.3333333333333333 0.769800358919501 0.3296376839606273 0.3296376839606273
-1.3333333333333333 0.9622504486493763 0.015410870442698822 0.015410870442698822
-1.3333333333333333 1.1547005383792515 0.024510835658003927 0.024510835658003927
-1.3333333333333333 1.3471506281091268 0.015410870442698716 0.015410870442698716
-1.3333333333333333 1.539600717839002 0.3296376839606267 0.3296376839606267
-1.3333333333333333 1.7320508075688772 0.7611137964120475 0.7611137964120475
-1.3333333333333333 1.9245008972987525 0.3296376839606268 0.3296376839606268
-1.3333333333333333 2.116950987028628 0.015410870442699256 0.015410870442699256
-1.3333333333333333 2.309401076758503 0.024510835658003192 0.024510835658003192
-1.25 -2.309401076758503 0.017549322924244177 0.017549322924244177
-1.25 -2.116950987028628 0.012783797107212978 0.012783797107212978
-1.25 -1.9245008972987525 0.862300621901353 0.862300621901353
-1.25 -1.7320508075688772 0.9430550289911829 0.9430550289911829
-1.25 -1.539600717839002 0.8623006219013528 0.8623006219013528
-1.25 -1.3471506281091268 0.012783797107212653 0.012783797107212653
-1.25 -1.1547005383792515 0.01754932292424432 0.01754932292424432
-1.25 -0.9622504486493763 0.012783797107212702 0.012783797107212702
-1.25 -0.769800358919501 0.862300621901354 0.862300621901354
-1.25 -0.5773502691896257 0.9430550289911835 0.9430550289911835
-1.25 -0.3849001794597505 0.8623006219013538 0.8623006219013538
-1.25 -0.19245008972987526 0.012783797107212674 0.012783797107212674
-1.25 0.0 0.017549322924244274 0.017549322924244274
-1.25 0.19245008972987526 0.012783797107212655 0.012783797107212655
-1.25 0.3849001794597505 0.862300621901354 0.862300621901354
-1.25 0.5773502691896257 0.9430550289911838 0.9430550289911838
-1.25 0.769800358919501 0.862300621901354 0.862300621901354
-1.25 0.9622504486493763 0.012783797107212762 0.012783797107212762
-1.25 1.1547005383792515 0.01754932292424439 0.01754932292424439
-1.25 1.3471506281091268 0.012783797107212643 0.012783797107212643
-1.25 1.539600717839002 0.8623006219013547 0.8623006219013547
-1.25 1.7320508075688772 0.9430550289911842 0.9430550289911842
-1.25 1.9245008972987525 0.8623006219013535 0.8623006219013535
-1.25 2.116950987028628 0.012783797107213066 0.012783797107213066
-1.25 2.309401076758503 0.017549322924244264 0.017549322924244264
-1.1666666666666667 -2.309401076758503 0.016161076250581413 0.016161076250581413
-1.1666666666666667 -2.116950987028628 0.011164547718725062 0.011164547718725062
-1.1666666666666667 -1.9245008972987525 0.9442670187606529 0.9442670187606529
-1.1666666666666667 -1.7320508075688772 0.9577529575088198 0.9577529575088198
-1.1666666666666667 -1.539600717839002 0.9442670187606544 0.9442670187606544
-1.1666666666666667 -1.3471506281091268 0.011164547718725111 0.011164547718725111
-1.1666666666666667 -1.1547005383792515 0.016161076250580962 0.016161076250580962
-1.1666666666666667 -0.9622504486493763 0.011164547718725302 0.011164547718725302
-1.1666666666666667 -0.769800358919501 0.9442670187606532 0.9442670187606532
-1.1666666666666667 -0.5773502691896257 0.9577529575088192 0.9577529575088192
-1.1666666666666667 -0.3849001794597505 0.9442670187606534 0.9442670187606534
-1.1666666666666667 -0.19245008972987526 0.011164547718725354 0.011164547718725354
-1.1666666666666667 0.0 0.016161076250581177 0.016161076250581177
-1.1666666666666667 0.19245008972987526 0.011164547718725328 0.011164547718725328
-1.1666666666666667 0.3849001794597505 0.9442670187606531 0.9442670187606531
-1.1666666666666667 0.5773502691896257 0.9577529575088191 0.9577529575088191
-1.1666666666666667 0.769800358919501 0.9442670187606528 0.9442670187606528
-1.1666666666666667 0.9622504486493763 0.011164547718725396 0.011164547718725396
-1.1666666666666667 1.1547005383792515 0.01616107625058094 0.01616107625058094
-1.1666666666666667 1.3471506281091268 0.011164547718725019 0.011164547718725019
-1.1666666666666667 1.539600717839002 0.9442670187606528 0.9442670187606528
-1.1666666666666667 1.7320508075688772 0.9577529575088194 0.9577529575088194
-1.1666666666666667 1.9245008972987525 0.9442670187606532 0.9442670187606532
-1.1666666666666667 2.116950987028628 0.011164547718725111 0.011164547718725111
-1.1666666666666667 2.309401076758503 0.01616107625058137 0.01616107625058137
-1.0833333333333333 -2.309401076758503 0.015430613690432552 0.015430613690432552
-1.0833333333333333 -2.116950987028628 0.010456579617887703 0.010456579617887703
-1.0833333333333333 -1.9245008972987525 0.9606372410904929 0.9606372410904929
-1.0833333333333333 -1.7320508075688772 0.9623254786607526 0.9623254786607526
-1.0833333333333333 -1.539600717839002 0.9606372410904925 0.9606372410904925
-1.0833333333333333 -1.3471506281091268 0.01045657961788737 0.01045657961788737
-1.0833333333333333 -1.1547005383792515 0.015430613690433026 0.015430613690433026
-1.0833333333333333 -0.9622504486493763 0.010456579617887866 0.010456579617887866
-1.0833333333333333 -0.769800358919501 0.9606372410904932 0.9606372410904932
-1.0833333333333333 -0.5773502691896257 0.9623254786607526 0.9623254786607526
-1.0833333333333333 -0.3849001794597505 0.9606372410904929 0.9606372410904929
-1.0833333333333333 -0.19245008972987526 0.010456579617887731 0.010456579617887731
-1.0833333333333333 0.0 0.01543061369043296 0.01543061369043296
-1.0833333333333333 0.19245008972987526 0.010456579617887724 0.010456579617887724
-1.0833333333333333 0.3849001794597505 0.9606372410904929 0.9606372410904929
-1.0833333333333333 0.5773502691896257 0.9623254786607521 0.9623254786607521
-1.0833333333333333 0.769800358919501 0.9606372410904934 0.9606372410904934
-1.0833333333333333 0.9622504486493763 0.010456579617887844 0.010456579617887844
-1.0833333333333333 1.1547005383792515 0.015430613690433078 0.015430613690433078
-1.0833333333333333 1.3471506281091268 0.010456579617887428 0.010456579617887428
-1.0833333333333333 1.539600717839002 0.9606372410904928 0.9606372410904928
-1.0833333333333333 1.7320508075688772 0.9623254786607516 0.9623254786607516
-1.0833333333333333 1.9245008972987525 0.9606372410904924 0.9606372410904924
-1.0833333333333333 2.116950987028628 0.010456579617887752 0.010456579617887752
-1.0833333333333333 2.309401076758503 0.015430613690432615 0.015430613690432615
-1.0 -2.309401076758503 0.013855015844894665 0.013855015844894665
-1.0 -2.116950987028628 0.008701301093759488 0.008701301093759488
-1.0 -1.9245008972987525 0.9620875446373786 0.9620875446373786
-1.0 -1.7320508075688772 0.9690241262423428 0.9690241262423428
-1.0 -1.539600717839002 0.9620875446373779 0.9620875446373779
-1.0 -1.3471506281091268 0.008701301093759342 0.008701301093759342
-1.0 -1.1547005383792515 0.013855015844894665 0.013855015844894665
-1.0 -0.9622504486493763 0.008701301093759568 0.008701301093759568
-1.0 -0.769800358919501 0.9620875446373778 0.9620875446373778
-1.0 -0.5773502691896257 0.9690241262423428 0.9690241262423428
-1.0 -0.3849001794597505 0.9620875446373778 0.9620875446373778
-1.0 -0.19245008972987526 0.008701301093759585 0.008701301093759585
-1.0 0.0 0.013855015844894665 0.013855015844894665
-1.0 0.19245008972987526 0.008701301093759582 0.008701301093759582
-1.0 0.3849001794597505 0.9620875446373774 0.9620875446373774
-1.0 0.5773502691896257 0.9690241262423428 0.9690241262423428
-1.0 0.769800358919501 0.9620875446373777 0.9620875446373777
-1.0 0.9622504486493763 0.008701301093759564 0.008701301093759564
-1.0 1.1547005383792515 0.013855015844894665 0.013855015844894665
-1.0 1.3471506281091268 0.008701301093759342 0.008701301093759342
-1.0 1.539600717839002 0.9620875446373777 0.9620875446373777
-1.0 1.7320508075688772 0.9690241262423428 0.9690241262423428
-1.0 1.9245008972987525 0.9620875446373786 0.9620875446373786
-1.0 2.116950987028628 0.008701301093759531 0.008701301093759531
-1.0 2.309401076758503 0.013855015844894665 0.013855015844894665
-0.9166666666666666 -2.309401076758503 0.015430613690432908 0.015430613690432908
-0.9166666666666666 -2.116950987028628 0.010456579617887478 0.010456579617887478
-0.9166666666666666 -1.9245008972987525 0.9606372410904925 0.9606372410904925
-0.9166666666666666 -1.7320508075688772 0.9623254786607515 0.9623254786607515
-0.9166666666666666 -1.539600717839002 0.9606372410904926 0.9606372410904926
-0.9166666666666666 -1.3471506281091268 0.010456579617887204 0.010456579617887204
-0.9166666666666666 -1.1547005383792515 0.0154306136904333 0.0154306136904333
-0.9166666666666666 -0.9622504486493763 0.010456579617887339 0.010456579617887339
-0.9166666666666666 -0.769800358919501 0.9606372410904933 0.9606372410904933
-0.9166666666666666 -0.5773502691896257 0.962325478660752 0.962325478660752
-0.9166666666666666 -0.3849001794597505 0.9606372410904923 0.9606372410904923
-0.9166666666666666 -0.19245008972987526 0.010456579617887627 0.010456579617887627
-0.9166666666666666 0.0 0.015430613690433225 0.015430613690433225
-0.9166666666666666 0.19245008972987526 0.010456579617887596 0.010456579617887596
-0.9166666666666666 0.3849001794597505 0.9606372410904918 0.9606372410904918
-0.9166666666666666 0.5773502691896257 0.9623254786607529 0.9623254786607529
-0.9166666666666666 0.769800358919501 0.9606372410904933 0.9606372410904933
-0.9166666666666666 0.9622504486493763 0.010456579617887369 0.010456579617887369
-0.9166666666666666 1.1547005383792515 0.015430613690433297 0.015430613690433297
-0.9166666666666666 1.3471506281091268 0.010456579617887204 0.010456579617887204
-0.9166666666666666 1.539600717839002 0.9606372410904926 0.9606372410904926
-0.9166666666666666 1.7320508075688772 0.9623254786607527 0.9623254786607527
-0.9166666666666666 1.9245008972987525 0.9606372410904925 0.9606372410904925
-0.9166666666666666 2.116950987028628 0.010456579617887388 0.010456579617887388
-0.9166666666666666 2.309401076758503 0.015430613690432912 0.015430613690432912
-0.8333333333333334 -2.309401076758503 0.016161076250581406 0.016161076250581406
-0.8333333333333334 -2.116950987028628 0.011164547718725423 0.011164547718725423
-0.8333333333333334 -1.9245008972987525 0.9442670187606541 0.9442670187606541
-0.8333333333333334 -1.7320508075688772 0.9577529575088197 0.9577529575088197
-0.8333333333333334 -1.539600717839002 0.9442670187606537 0.9442670187606537
-0.8333333333333334 -1.3471506281091268 0.011164547718725071 0.011164547718725071
-0.8333333333333334 -1.1547005383792515 0.016161076250581365 0.016161076250581365
-0.8333333333333334 -0.9622504486493763 0.011164547718725625 0.011164547718725625
-0.8333333333333334 -0.769800358919501 0.9442670187606537 0.9442670187606537
-0.8333333333333334 -0.5773502691896257 0.9577529575088196 0.9577529575088196
-0.8333333333333334 -0.3849001794597505 0.9442670187606533 0.9442670187606533
-0.8333333333333334 -0.19245008972987526 0.01116454771872534 0.01116454771872534
-0.8333333333333334 0.0 0.01616107625058125 0.01616107625058125
-0.8333333333333334 0.19245008972987526 0.011164547718725357 0.011164547718725357
-0.8333333333333334 0.3849001794597505 0.944267018760654 0.944267018760654
-0.8333333333333334 0.5773502691896257 0.9577529575088194 0.9577529575088194
-0.8333333333333334 0.769800358919501 0.9442670187606534 0.9442670187606534
-0.8333333333333334 0.9622504486493763 0.011164547718725607 0.011164547718725607
-0.8333333333333334 1.1547005383792515 0.01616107625058134 0.01616107625058134
-0.8333333333333334 1.3471506281091268 0.011164547718725115 0.011164547718725115
-0.8333333333333334 1.539600717839002 0.9442670187606542 0.9442670187606542
-0.8333333333333334 1.7320508075688772 0.9577529575088196 0.9577529575088196
-0.8333333333333334 1.9245008972987525 0.9442670187606531 0.9442670187606531
-0.8333333333333334 2.116950987028628 0.011164547718725368 0.011164547718725368
-0.8333333333333334 2.309401076758503 0.0161610762505814 0.0161610762505814
-0.75 -2.309401076758503 0.017549322924244222 0.017549322924244222
-0.75 -2.116950987028628 0.012783797107212695 0.012783797107212695
-0.75 -1.9245008972987525 0.8623006219013537 0.8623006219013537
-0.75 -1.7320508075688772 0.9430550289911842 0.9430550289911842
-0.75 -1.539600717839002 0.8623006219013541 0.8623006219013541
-0.75 -1.3471506281091268 0.012783797107212407 0.012783797107212407
-0.75 -1.1547005383792515 0.017549322924244486 0.017549322924244486
-0.75 -0.9622504486493763 0.012783797107212834 0.012783797107212834
-0.75 -0.769800358919501 0.8623006219013538 0.8623006219013538
-0.75 -0.5773502691896257 0.9430550289911835 0.9430550289911835
-0.75 -0.3849001794597505 0.8623006219013538 0.8623006219013538
-0.75 -0.19245008972987526 0.012783797107212648 0.012783797107212648
-0.75 0.0 0.01754932292424434 0.01754932292424434
-0.75 0.19245008972987526 0.0127837971072127 0.0127837971072127
-0.75 0.3849001794597505 0.8623006219013533 0.8623006219013533
-0.75 0.5773502691896257 0.9430550289911835 0.9430550289911835
-0.75 0.769800358919501 0.8623006219013539 0.8623006219013539
-0.75 0.9622504486493763 0.012783797107212716 0.012783797107212716
-0.75 1.1547005383792515 0.017549322924244406 0.017549322924244406
-0.75 1.3471506281091268 0.012783797107212384 0.012783797107212384
-0.75 1.539600717839002 0.8623006219013526 0.8623006219013526
-0.75 1.7320508075688772 0.9430550289911838 0.9430550289911838
-0.75 1.9245008972987525 0.862300621901353 0.862300621901353
-0.75 2.116950987028628 0.012783797107212566 0.012783797107212566
-0.75 2.309401076758503 0.017549322924244146 0.017549322924244146
-0.6666666666666666 -2.309401076758503 0.02451083565800299 0.02451083565800299
-0.6666666666666666 -2.116950987028628 0.015410870442698926 0.015410870442698926
-0.6666666666666666 -1.9245008972987525 0.32963768396062465 0.32963768396062465
-0.6666666666666666 -1.7320508075688772 0.7611137964120464 0.7611137964120464
-0.6666666666666666 -1.539600717839002 0.3296376839606245 0.3296376839606245
-0.6666666666666666 -1.3471506281091268 0.015410870442698633 0.015410870442698633
-0.6666666666666666 -1.1547005383792515 0.02451083565800405 0.02451083565800405
-0.6666666666666666 -0.9622504486493763 0.01541087044269885 0.01541087044269885
-0.6666666666666666 -0.769800358919501 0.32963768396062515 0.32963768396062515
-0.6666666666666666 -0.5773502691896257 0.7611137964120466 0.7611137964120466
-0.6666666666666666 -0.3849001794597505 0.3296376839606249 0.3296376839606249
-0.6666666666666666 -0.19245008972987526 0.015410870442698954 0.015410870442698954
-0.6666666666666666 0.0 0.02451083565800382 0.02451083565800382
-0.6666666666666666 0.19245008972987526 0.015410870442698985 0.015410870442698985
-0.6666666666666666 0.3849001794597505 0.32963768396062465 0.32963768396062465
-0.6666666666666666 0.5773502691896257 0.7611137964120469 0.7611137964120469
-0.6666666666666666 0.769800358919501 0.32963768396062537 0.32963768396062537
-0.6666666666666666 0.9622504486493763 0.015410870442698713 0.015410870442698713
-0.6666666666666666 1.1547005383792515 0.02451083565800403 0.02451083565800403
-0.6666666666666666 1.3471506281091268 0.015410870442698628 0.015410870442698628
-0.6666666666666666 1.539600717839002 0.3296376839606249 0.3296376839606249
-0.6666666666666666 1.7320508075688772 0.7611137964120465 0.7611137964120465
-0.6666666666666666 1.9245008972987525 0.32963768396062537 0.32963768396062537
-0.6666666666666666 2.116950987028628 0.015410870442698751 0.015410870442698751
-0.6666666666666666 2.309401076758503 0.024510835658003043 0.024510835658003043
-0.5833333333333334 -2.309401076758503 0.02935557140142661 0.02935557140142661
-0.5833333333333334 -2.116950987028628 0.020917515282562884 0.020917515282562884
-0.5833333333333334 -1.9245008972987525 0.04988494681297376 0.04988494681297376
-0.5833333333333334 -1.7320508075688772 0.1909350815517541 0.1909350815517541
-0.5833333333333334 -1.539600717839002 0.0498849468129742 0.0498849468129742
-0.5833333333333334 -1.3471506281091268 0.020917515282562825 0.020917515282562825
-0.5833333333333334 -1.1547005383792515 0.02935557140142606 0.02935557140142606
-0.5833333333333334 -0.9622504486493763 0.020917515282562728 0.020917515282562728
-0.5833333333333334 -0.769800358919501 0.049884946812973535 0.049884946812973535
-0.5833333333333334 -0.5773502691896257 0.19093508155175345 0.19093508155175345
-0.5833333333333334 -0.3849001794597505 0.04988494681297387 0.04988494681297387
-0.5833333333333334 -0.19245008972987526 0.020917515282562804 0.020917515282562804
-0.5833333333333334 0.0 0.029355571401426184 0.029355571401426184
-0.5833333333333334 0.19245008972987526 0.020917515282562808 0.020917515282562808
-0.5833333333333334 0.3849001794597505 0.049884946812973785 0.049884946812973785
-0.5833333333333334 0.5773502691896257 0.1909350815517535 0.1909350815517535
-0.5833333333333334 0.769800358919501 0.04988494681297362 0.04988494681297362
-0.5833333333333334 0.9622504486493763 0.020917515282562735 0.020917515282562735
-0.5833333333333334 1.1547005383792515 0.029355571401425983 0.029355571401425983
-0.5833333333333334 1.3471506281091268 0.02091751528256281 0.02091751528256281
-0.5833333333333334 1.539600717839002 0.049884946812974174 0.049884946812974174
-0.5833333333333334 1.7320508075688772 0.19093508155175354 0.19093508155175354
-0.5833333333333334 1.9245008972987525 0.049884946812973854 0.049884946812973854
-0.5833333333333334 2.116950987028628 0.020917515282562978 0.020917515282562978
-0.5833333333333334 2.309401076758503 0.02935557140142638 0.02935557140142638
-0.5 -2.309401076758503 0.048071419346287295 0.048071419346287295
-0.5 -2.116950987028628 0.030768099526782777 0.030768099526782777
-0.5 -1.9245008972987525 0.030768099526782413 0.030768099526782413
-0.5 -1.7320508075688772 0.04807141934628724 0.04807141934628724
-0.5 -1.539600717839002 0.03076809952678271 0.03076809952678271
-0.5 -1.3471506281091268 0.030768099526782798 0.030768099526782798
-0.5 -1.1547005383792515 0.04807141934628727 0.04807141934628727
-0.5 -0.9622504486493763 0.030768099526782423 0.030768099526782423
-0.5 -0.769800358919501 0.03076809952678244 0.03076809952678244
-0.5 -0.5773502691896257 0.04807141934628725 0.04807141934628725
-0.5 -0.3849001794597505 0.030768099526782375 0.030768099526782375
-0.5 -0.19245008972987526 0.030768099526782437 0.030768099526782437
-0.5 0.0 0.048071419346287156 0.048071419346287156
-0.5 0.19245008972987526 0.0307680995267825 0.0307680995267825
-0.5 0.3849001794597505 0.030768099526782434 0.030768099526782434
-0.5 0.5773502691896257 0.04807141934628724 0.04807141934628724
-0.5 0.769800358919501 0.03076809952678241 0.03076809952678241
-0.5 0.9622504486493763 0.030768099526782403 0.030768099526782403
-0.5 1.1547005383792515 0.04807141934628727 0.04807141934628727
-0.5 1.3471506281091268 0.030768099526782743 0.030768099526782743
-0.5 1.539600717839002 0.03076809952678278 0.03076809952678278
-0.5 1.7320508075688772 0.04807141934628727 0.04807141934628727
-0.5 1.9245008972987525 0.030768099526782486 0.030768099526782486
-0.5 2.116950987028628 0.03076809952678274 0.03076809952678274
-0.5 2.309401076758503 0.04807141934628728 0.04807141934628728
-0.4166666666666667 -2.309401076758503 0.19093508155175362 0.19093508155175362
-0.4166666666666667 -2.116950987028628 0.04988494681297405 0.04988494681297405
-0.4166666666666667 -1.9245008972987525 0.020917515282562534 0.020917515282562534
-0.4166666666666667 -1.7320508075688772 0.029355571401425754 0.029355571401425754
-0.4166666666666667 -1.539600717839002 0.020917515282562554 0.020917515282562554
-0.4166666666666667 -1.3471506281091268 0.04988494681297394 0.04988494681297394
-0.4166666666666667 -1.1547005383792515 0.19093508155175365 0.19093508155175365
-0.4166666666666667 -0.9622504486493763 0.04988494681297373 0.04988494681297373
-0.4166666666666667 -0.769800358919501 0.02091751528256284 0.02091751528256284
-0.4166666666666667 -0.5773502691896257 0.029355571401426108 0.029355571401426108
-0.4166666666666667 -0.3849001794597505 0.02091751528256272 0.02091751528256272
-0.4166666666666667 -0.19245008972987526 0.0498849468129737 0.0498849468129737
-0.4166666666666667 0.0 0.1909350815517534 0.1909350815517534
-0.4166666666666667 0.19245008972987526 0.04988494681297363 0.04988494681297363
-0.4166666666666667 0.3849001794597505 0.020917515282562717 0.020917515282562717
-0.4166666666666667 0.5773502691896257 0.029355571401426174 0.029355571401426174
-0.4166666666666667 0.769800358919501 0.020917515282562846 0.020917515282562846
-0.4166666666666667 0.9622504486493763 0.04988494681297376 0.04988494681297376
-0.4166666666666667 1.1547005383792515 0.19093508155175362 0.19093508155175362
-0.4166666666666667 1.3471506281091268 0.04988494681297388 0.04988494681297388
-0.4166666666666667 1.539600717839002 0.020917515282562596 0.020917515282562596
-0.4166666666666667 1.7320508075688772 0.029355571401425872 0.029355571401425872
-0.4166666666666667 1.9245008972987525 0.020917515282562547 0.020917515282562547
-0.4166666666666667 2.116950987028628 0.04988494681297416 0.04988494681297416
-0.4166666666666667 2.309401076758503 0.1909350815517536 0.1909350815517536
-0.3333333333333333 -2.309401076758503 0.7611137964120476 0.7611137964120476
-0.3333333333333333 -2.116950987028628 0.3296376839606257 0.3296376839606257
-0.3333333333333333 -1.9245008972987525 0.01541087044269906 0.01541087044269906
-0.3333333333333333 -1.7320508075688772 0.024510835658004156 0.024510835658004156
-0.3333333333333333 -1.539600717839002 0.015410870442699143 0.015410870442699143
-0.3333333333333333 -1.3471506281091268 0.3296376839606267 0.3296376839606267
-0.3333333333333333 -1.1547005383792515 0.761113796412047 0.761113796412047
-0.3333333333333333 -0.9622504486493763 0.32963768396062587 0.32963768396062587
-0.3333333333333333 -0.769800358919501 0.015410870442698827 0.015410870442698827
-0.3333333333333333 -0.5773502691896257 0.024510835658003563 0.024510835658003563
-0.3333333333333333 -0.3849001794597505 0.015410870442698866 0.015410870442698866
-0.3333333333333333 -0.19245008972987526 0.32963768396062637 0.32963768396062637
-0.3333333333333333 0.0 0.761113796412047 0.761113796412047
-0.3333333333333333 0.19245008972987526 0.3296376839606263 0.3296376839606263
-0.3333333333333333 0.3849001794597505 0.015410870442698947 0.015410870442698947
-0.3333333333333333 0.5773502691896257 0.024510835658003573 0.024510835658003573
-0.3333333333333333 0.769800358919501 0.01541087044269884 0.01541087044269884
-0.3333333333333333 0.9622504486493763 0.32963768396062604 0.32963768396062604
-0.3333333333333333 1.1547005383792515 0.7611137964120468 0.7611137964120468
-0.3333333333333333 1.3471506281091268 0.3296376839606261 0.3296376839606261
-0.3333333333333333 1.539600717839002 0.015410870442699207 0.015410870442699207
-0.3333333333333333 1.7320508075688772 0.024510835658004108 0.024510835658004108
-0.3333333333333333 1.9245008972987525 0.015410870442699065 0.015410870442699065
-0.3333333333333333 2.116950987028628 0.32963768396062554 0.32963768396062554
-0.3333333333333333 2.309401076758503 0.7611137964120477 0.7611137964120477
-0.25 -2.309401076758503 0.9430550289911839 0.9430550289911839
-0.25 -2.116950987028628 0.8623006219013525 0.8623006219013525
-0.25 -1.9245008972987525 0.0127837971072125 0.0127837971072125
-0.25 -1.7320508075688772 0.017549322924244326 0.017549322924244326
-0.25 -1.539600717839002 0.012783797107212816 0.012783797107212816
-0.25 -1.3471506281091268 0.862300621901354 0.862300621901354
-0.25 -1.1547005383792515 0.9430550289911838 0.9430550289911838
-0.25 -0.9622504486493763 0.8623006219013527 0.8623006219013527
-0.25 -0.769800358919501 0.012783797107212861 0.012783797107212861
-0.25 -0.5773502691896257 0.01754932292424416 0.01754932292424416
-0.25 -0.3849001794597505 0.01278379710721268 0.01278379710721268
-0.25 -0.19245008972987526 0.8623006219013541 0.8623006219013541
-0.25 0.0 0.9430550289911835 0.9430550289911835
-0.25 0.19245008972987526 0.8623006219013539 0.8623006219013539
-0.25 0.3849001794597505 0.012783797107212745 0.012783797107212745
-0.25 0.5773502691896257 0.017549322924244205 0.017549322924244205
-0.25 0.769800358919501 0.012783797107212905 0.012783797107212905
-0.25 0.9622504486493763 0.862300621901354 0.862300621901354
-0.25 1.1547005383792515 0.943055028991184 0.943055028991184
-0.25 1.3471506281091268 0.8623006219013546 0.8623006219013546
-0.25 1.539600717839002 0.01278379710721292 0.01278379710721292
-0.25 1.7320508075688772 0.017549322924244437 0.017549322924244437
-0.25 1.9245008972987525 0.012783797107212658 0.012783797107212658
-0.25 2.116950987028628 0.8623006219013538 0.8623006219013538
-0.25 2.309401076758503 0.943055028991184 0.943055028991184
-0.16666666666666666 -2.309401076758503 0.9577529575088196 0.9577529575088196
-0.16666666666666666 -2.116950987028628 0.9442670187606543 0.9442670187606543
-0.16666666666666666 -1.9245008972987525 0.011164547718725548 0.011164547718725548
-0.16666666666666666 -1.7320508075688772 0.016161076250581094 0.016161076250581094
-0.16666666666666666 -1.539600717839002 0.011164547718725115 0.011164547718725115
-0.16666666666666666 -1.3471506281091268 0.9442670187606534 0.9442670187606534
-0.16666666666666666 -1.1547005383792515 0.9577529575088196 0.9577529575088196
-0.16666666666666666 -0.9622504486493763 0.9442670187606542 0.9442670187606542
-0.16666666666666666 -0.769800358919501 0.011164547718725392 0.011164547718725392
-0.16666666666666666 -0.5773502691896257 0.0161610762505813 0.0161610762505813
-0.16666666666666666 -0.3849001794597505 0.011164547718725238 0.011164547718725238
-0.16666666666666666 -0.19245008972987526 0.9442670187606529 0.9442670187606529
-0.16666666666666666 0.0 0.9577529575088194 0.9577529575088194
-0.16666666666666666 0.19245008972987526 0.9442670187606536 0.9442670187606536
-0.16666666666666666 0.3849001794597505 0.011164547718725278 0.011164547718725278
-0.16666666666666666 0.5773502691896257 0.016161076250581233 0.016161076250581233
-0.16666666666666666 0.769800358919501 0.011164547718725399 0.011164547718725399
-0.16666666666666666 0.9622504486493763 0.9442670187606531 0.9442670187606531
-0.16666666666666666 1.1547005383792515 0.95775295750882 0.95775295750882
-0.16666666666666666 1.3471506281091268 0.9442670187606537 0.9442670187606537
-0.16666666666666666 1.539600717839002 0.011164547718725173 0.011164547718725173
-0.16666666666666666 1.7320508075688772 0.016161076250581094 0.016161076250581094
-0.16666666666666666 1.9245008972987525 0.011164547718725616 0.011164547718725616
-0.16666666666666666 2.116950987028628 0.9442670187606534 0.9442670187606534
-0.16666666666666666 2.309401076758503 0.9577529575088192 0.9577529575088192
-0.08333333333333333 -2.309401076758503 0.9623254786607531 0.9623254786607531
-0.08333333333333333 -2.116950987028628 0.9606372410904923 0.9606372410904923
-0.08333333333333333 -1.9245008972987525 0.010456579617887526 0.010456579617887526
-0.08333333333333333 -1.7320508075688772 0.015430613690433121 0.015430613690433121
-0.08333333333333333 -1.539600717839002 0.010456579617887403 0.010456579617887403
-0.08333333333333333 -1.3471506281091268 0.9606372410904935 0.9606372410904935
-0.08333333333333333 -1.1547005383792515 0.9623254786607525 0.9623254786607525
-0.08333333333333333 -0.9622504486493763 0.9606372410904928 0.9606372410904928
-0.08333333333333333 -0.769800358919501 0.010456579617887495 0.010456579617887495
-0.08333333333333333 -0.5773502691896257 0.015430613690433031 0.015430613690433031
-0.08333333333333333 -0.3849001794597505 0.010456579617887504 0.010456579617887504
-0.08333333333333333 -0.19245008972987526 0.9606372410904926 0.9606372410904926
-0.08333333333333333 0.0 0.9623254786607531 0.9623254786607531
-0.08333333333333333 0.19245008972987526 0.9606372410904929 0.9606372410904929
-0.08333333333333333 0.3849001794597505 0.010456579617887513 0.010456579617887513
-0.08333333333333333 0.5773502691896257 0.015430613690433026 0.015430613690433026
-0.08333333333333333 0.769800358919501 0.010456579617887499 0.010456579617887499
-0.08333333333333333 0.9622504486493763 0.9606372410904929 0.9606372410904929
-0.08333333333333333 1.1547005383792515 0.9623254786607515 0.9623254786607515
-0.08333333333333333 1.3471506281091268 0.9606372410904938 0.9606372410904938
-0.08333333333333333 1.539600717839002 0.01045657961788736 0.01045657961788736
-0.08333333333333333 1.7320508075688772 0.015430613690433146 0.015430613690433146
-0.08333333333333333 1.9245008972987525 0.010456579617887488 0.010456579617887488
-0.08333333333333333 2.116950987028628 0.9606372410904918 0.9606372410904918
-0.08333333333333333 2.309401076758503 0.9623254786607521 0.9623254786607521
0.0 -2.309401076758503 0.9690241262423428 0.9690241262423428
0.0 -2.116950987028628 0.9620875446373776 0.9620875446373776
0.0 -1.9245008972987525 0.008701301093759967 0.008701301093759967
0.0 -1.7320508075688772 0.013855015844894665 0.013855015844894665
0.0 -1.539600717839002 0.008701301093759448 0.008701301093759448
0.0 -1.3471506281091268 0.9620875446373781 0.9620875446373781
0.0 -1.1547005383792515 0.9690241262423428 0.9690241262423428
0.0 -0.9622504486493763 0.9620875446373777 0.9620875446373777
0.0 -0.769800358919501 0.00870130109375969 0.00870130109375969
0.0 -0.5773502691896257 0.013855015844894665 0.013855015844894665
0.0 -0.3849001794597505 0.008701301093759599 0.008701301093759599
0.0 -0.19245008972987526 0.9620875446373772 0.9620875446373772
0.0 0.0 0.9690241262423428 0.9690241262423428
0.0 0.19245008972987526 0.9620875446373772 0.9620875446373772
0.0 0.3849001794597505 0.008701301093759599 0.008701301093759599
0.0 0.5773502691896257 0.013855015844894665 0.013855015844894665
0.0 0.769800358919501 0.00870130109375969 0.00870130109375969
0.0 0.9622504486493763 0.9620875446373777 0.9620875446373777
0.0 1.1547005383792515 0.9690241262423428 0.9690241262423428
0.0 1.3471506281091268 0.9620875446373781 0.9620875446373781
0.0 1.539600717839002 0.008701301093759448 0.008701301093759448
0.0 1.7320508075688772 0.013855015844894665 0.013855015844894665
0.0 1.9245008972987525 0.008701301093759967 0.008701301093759967
0.0 2.116950987028628 0.9620875446373776 0.9620875446373776
0.0 2.309401076758503 0.9690241262423428 0.9690241262423428
0.08333333333333333 -2.309401076758503 0.9623254786607521 0.9623254786607521
0.08333333333333333 -2.116950987028628 0.9606372410904918 0.9606372410904918
0.08333333333333333 -1.9245008972987525 0.010456579617887488 0.010456579617887488
0.08333333333333333 -1.7320508075688772 0.015430613690433146 0.015430613690433146
0.08333333333333333 -1.539600717839002 0.01045657961788736 0.01045657961788736
0.08333333333333333 -1.3471506281091268 0.9606372410904938 0.9606372410904938
0.08333333333333333 -1.1547005383792515 0.9623254786607515 0.9623254786607515
0.08333333333333333 -0.9622504486493763 0.9606372410904929 0.9606372410904929
0.08333333333333333 -0.769800358919501 0.010456579617887499 0.010456579617887499
0.08333333333333333 -0.5773502691896257 0.015430613690433026 0.015430613690433026
0.08333333333333333 -0.3849001794597505 0.010456579617887513 0.010456579617887513
0.08333333333333333 -0.19245008972987526 0.9606372410904929 0.9606372410904929
0.08333333333333333 0.0 0.9623254786607531 0.9623254786607531
0.08333333333333333 0.19245008972987526 0.9606372410904926 0.9606372410904926
0.08333333333333333 0.3849001794597505 0.010456579617887504 0.010456579617887504
0.08333333333333333 0.5773502691896257 0.015430613690433031 0.015430613690433031
0.08333333333333333 0.769800358919501 0.010456579617887495 0.010456579617887495
0.08333333333333333 0.9622504486493763 0.9606372410904928 0.9606372410904928
0.08333333333333333 1.1547005383792515 0.9623254786607525 0.9623254786607525
0.08333333333333333 1.3471506281091268 0.9606372410904935 0.9606372410904935
0.08333333333333333 1.539600717839002 0.010456579617887403 0.010456579617887403
0.08333333333333333 1.7320508075688772 0.015430613690433121 0.015430613690433121
0.08333333333333333 1.9245008972987525 0.010456579617887526 0.010456579617887526
0.08333333333333333 2.116950987028628 0.9606372410904923 0.9606372410904923
0.08333333333333333 2.309401076758503 0.9623254786607531 0.9623254786607531
0.16666666666666666 -2.309401076758503 0.9577529575088192 0.9577529575088192
0.16666666666666666 -2.116950987028628 0.9442670187606534 0.9442670187606534
0.16666666666666666 -1.9245008972987525 0.011164547718725616 0.011164547718725616
0.16666666666666666 -1.7320508075688772 0.016161076250581094 0.016161076250581094
0.16666666666666666 -1.539600717839002 0.011164547718725173 0.011164547718725173
0.16666666666666666 -1.3471506281091268 0.9442670187606537 0.9442670187606537
0.16666666666666666 -1.1547005383792515 0.95775295750882 0.95775295750882
0.16666666666666666 -0.9622504486493763 0.9442670187606531 0.9442670187606531
0.16666666666666666 -0.769800358919501 0.011164547718725399 0.011164547718725399
0.16666666666666666 -0.5773502691896257 0.016161076250581233 0.016161076250581233
0.16666666666666666 -0.3849001794597505 0.011164547718725278 0.011164547718725278
0.16666666666666666 -0.19245008972987526 0.9442670187606536 0.9442670187606536
0.16666666666666666 0.0 0.9577529575088194 0.9577529575088194
0.16666666666666666 0.19245008972987526 0.9442670187606529 0.9442670187606529
0.16666666666666666 0.3849001794597505 0.011164547718725238 0.011164547718725238
0.16666666666666666 0.5773502691896257 0.0161610762505813 0.0161610762505813
0.16666666666666666 0.769800358919501 0.011164547718725392 0.011164547718725392
0.16666666666666666 0.9622504486493763 0.9442670187606542 0.9442670187606542
0.16666666666666666 1.1547005383792515 0.9577529575088196 0.9577529575088196
0.16666666666666666 1.3471506281091268 0.9442670187606534 0.9442670187606534
0.16666666666666666 1.539600717839002 0.011164547718725115 0.011164547718725115
0.16666666666666666 1.7320508075688772 0.016161076250581094 0.016161076250581094
0.16666666666666666 1.9245008972987525 0.011164547718725548 0.011164547718725548
0.16666666666666666 2.116950987028628 0.9442670187606543 0.9442670187606543
0.16666666666666666 2.309401076758503 0.9577529575088196 0.9577529575088196
0.25 -2.309401076758503 0.943055028991184 0.943055028991184
0.25 -2.116950987028628 0.8623006219013538 0.8623006219013538
0.25 -1.9245008972987525 0.012783797107212658 0.012783797107212658
0.25 -1.7320508075688772 0.017549322924244437 0.017549322924244437
0.25 -1.539600717839002 0.01278379710721292 0.01278379710721292
0.25 -1.3471506281091268 0.8623006219013546 0.8623006219013546
0.25 -1.1547005383792515 0.943055028991184 0.943055028991184
0.25 -0.9622504486493763 0.862300621901354 0.862300621901354
0.25 -0.769800358919501 0.012783797107212905 0.012783797107212905
0.25 -0.5773502691896257 0.017549322924244205 0.017549322924244205
0.25 -0.3849001794597505 0.012783797107212745 0.012783797107212745
0.25 -0.19245008972987526 0.8623006219013539 0.8623006219013539
0.25 0.0 0.9430550289911835 0.9430550289911835
0.25 0.19245008972987526 0.8623006219013541 0.8623006219013541
0.25 0.3849001794597505 0.01278379710721268 0.01278379710721268
0.25 0.5773502691896257 0.01754932292424416 0.01754932292424416
0.25 0.769800358919501 0.012783797107212861 0.012783797107212861
0.25 0.9622504486493763 0.8623006219013527 0.8623006219013527
0.25 1.1547005383792515 0.9430550289911838 0.9430550289911838
0.25 1.3471506281091268 0.862300621901354 0.862300621901354
0.25 1.539600717839002 0.012783797107212816 0.012783797107212816
0.25 1.7320508075688772 0.017549322924244326 0.017549322924244326
0.25 1.9245008972987525 0.0127837971072125 0.0127837971072125
0.25 2.116950987028628 0.8623006219013525 0.8623006219013525
0.25 2.309401076758503 0.9430550289911839 0.9430550289911839
0.3333333333333333 -2.309401076758503 0.7611137964120477 0.7611137964120477
0.3333333333333333 -2.116950987028628 0.32963768396062554 0.32963768396062554
0.3333333333333333 -1.9245008972987525 0.015410870442699065 0.015410870442699065
0.3333333333333333 -1.7320508075688772 0.024510835658004108 0.024510835658004108
0.3333333333333333 -1.539600717839002 0.015410870442699207 0.015410870442699207
0.3333333333333333 -1.3471506281091268 0.3296376839606261 0.3296376839606261
0.3333333333333333 -1.1547005383792515 0.7611137964120468 0.7611137964120468
0.3333333333333333 -0.9622504486493763 0.32963768396062604 0.32963768396062604
0.3333333333333333 -0.769800358919501 0.01541087044269884 0.01541087044269884
0.3333333333333333 -0.5773502691896257 0.024510835658003573 0.024510835658003573
0.3333333333333333 -0.3849001794597505 0.015410870442698947 0.015410870442698947
0.3333333333333333 -0.19245008972987526 0.3296376839606263 0.3296376839606263
0.3333333333333333 0.0 0.761113796412047 0.761113796412047
0.3333333333333333 0.19245008972987526 0.32963768396062637 0.32963768396062637
0.3333333333333333 0.3849001794597505 0.015410870442698866 0.015410870442698866
0.3333333333333333 0.5773502691896257 0.024510835658003563 0.024510835658003563
0.3333333333333333 0.769800358919501 0.015410870442698827 0.015410870442698827
0.3333333333333333 0.9622504486493763 0.32963768396062587 0.32963768396062587
0.3333333333333333 1.1547005383792515 0.761113796412047 0.761113796412047
0.3333333333333333 1.3471506281091268 0.3296376839606267 0.3296376839606267
0.3333333333333333 1.539600717839002 0.015410870442699143 0.015410870442699143
0.3333333333333333 1.7320508075688772 0.024510835658004156 0.024510835658004156
0.3333333333333333 1.9245008972987525 0.01541087044269906 0.01541087044269906
0.3333333333333333 2.116950987028628 0.3296376839606257 0.3296376839606257
0.3333333333333333 2.309401076758503 0.7611137964120476 0.7611137964120476
0.4166666666666667 -2.309401076758503 0.1909350815517536 0.1909350815517536
0.4166666666666667 -2.116950987028628 0.04988494681297416 0.04988494681297416
0.4166666666666667 -1.9245008972987525 0.020917515282562547 0.020917515282562547
0.4166666666666667 -1.7320508075688772 0.029355571401425872 0.029355571401425872
0.4166666666666667 -1.539600717839002 0.020917515282562596 0.020917515282562596
0.4166666666666667 -1.3471506281091268 0.04988494681297388 0.04988494681297388
0.4166666666666667 -1.1547005383792515 0.19093508155175362 0.19093508155175362
0.4166666666666667 -0.9622504486493763 0.04988494681297376 0.04988494681297376
0.4166666666666667 -0.769800358919501 0.020917515282562846 0.020917515282562846
0.4166666666666667 -0.5773502691896257 0.029355571401426174 0.029355571401426174
0.4166666666666667 -0.3849001794597505 0.020917515282562717 0.020917515282562717
0.4166666666666667 -0.19245008972987526 0.04988494681297363 0.04988494681297363
0.4166666666666667 0.0 0.1909350815517534 0.1909350815517534
0.4166666666666667 0.19245008972987526 0.0498849468129737 0.0498849468129737
0.4166666666666667 0.3849001794597505 0.02091751528256272 0.02091751528256272
0.4166666666666667 0.5773502691896257 0.029355571401426108 0.029355571401426108
0.4166666666666667 0.769800358919501 0.02091751528256284 0.02091751528256284
0.4166666666666667 0.9622504486493763 0.04988494681297373 0.04988494681297373
0.4166666666666667 1.1547005383792515 0.19093508155175365 0.19093508155175365
0.4166666666666667 1.3471506281091268 0.04988494681297394 0.04988494681297394
0.4166666666666667 1.539600717839002 0.020917515282562554 0.020917515282562554
0.4166666666666667 1.7320508075688772 0.029355571401425754 0.029355571401425754
0.4166666666666667 1.9245008972987525 0.020917515282562534 0.020917515282562534
0.4166666666666667 2.116950987028628 0.04988494681297405 0.04988494681297405
0.4166666666666667 2.309401076758503 0.19093508155175362 0.19093508155175362
0.5 -2.309401076758503 0.04807141934628728 0.04807141934628728
0.5 -2.116950987028628 0.03076809952678274 0.03076809952678274
0.5 -1.9245008972987525 0.030768099526782486 0.030768099526782486
0.5 -1.7320508075688772 0.04807141934628727 0.04807141934628727
0.5 -1.539600717839002 0.03076809952678278 0.03076809952678278
0.5 -1.3471506281091268 0.030768099526782743 0.030768099526782743
0.5 -1.1547005383792515 0.04807141934628727 0.04807141934628727
0.5 -0.9622504486493763 0.030768099526782403 0.030768099526782403
0.5 -0.769800358919501 0.03076809952678241 0.03076809952678241
0.5 -0.5773502691896257 0.04807141934628724 0.04807141934628724
0.5 -0.3849001794597505 0.030768099526782434 0.030768099526782434
0.5 -0.19245008972987526 0.0307680995267825 0.0307680995267825
0.5 0.0 0.048071419346287156 0.048071419346287156
0.5 0.19245008972987526 0.030768099526782437 0.030768099526782437
0.5 0.3849001794597505 0.030768099526782375 0.030768099526782375
0.5 0.5773502691896257 0.04807141934628725 0.04807141934628725
0.5 0.769800358919501 0.03076809952678244 0.03076809952678244
0.5 0.9622504486493763 0.030768099526782423 0.030768099526782423
0.5 1.1547005383792515 0.04807141934628727 0.04807141934628727
0.5 1.3471506281091268 0.030768099526782798 0.030768099526782798
0.5 1.539600717839002 0.03076809952678271 0.03076809952678271
0.5 1.7320508075688772 0.04807141934628724 0.04807141934628724
0.5 1.9245008972987525 0.030768099526782413 0.030768099526782413
0.5 2.116950987028628 0.030768099526782777 0.030768099526782777
0.5 2.309401076758503 0.048071419346287295 0.048071419346287295
0.5833333333333334 -2.309401076758503 0.02935557140142638 0.02935557140142638
0.5833333333333334 -2.116950987028628 0.020917515282562978 0.020917515282562978
0.5833333333333334 -1.9245008972987525 0.049884946812973854 0.049884946812973854
0.5833333333333334 -1.7320508075688772 0.19093508155175354 0.19093508155175354
0.5833333333333334 -1.539600717839002 0.049884946812974174 0.049884946812974174
0.5833333333333334 -1.3471506281091268 0.02091751528256281 0.02091751528256281
0.5833333333333334 -1.1547005383792515 0.029355571401425983 0.029355571401425983
0.5833333333333334 -0.9622504486493763 0.020917515282562735 0.020917515282562735
0.5833333333333334 -0.769800358919501 0.04988494681297362 0.04988494681297362
0.5833333333333334 -0.5773502691896257 0.1909350815517535 0.1909350815517535
0.5833333333333334 -0.3849001794597505 0.049884946812973785 0.049884946812973785
0.5833333333333334 -0.19245008972987526 0.020917515282562808 0.020917515282562808
0.5833333333333334 0.0 0.029355571401426184 0.029355571401426184
0.5833333333333334 0.19245008972987526 0.020917515282562804 0.020917515282562804
0.5833333333333334 0.3849001794597505 0.04988494681297387 0.04988494681297387
0.5833333333333334 0.5773502691896257 0.19093508155175345 0.19093508155175345
0.5833333333333334 0.769800358919501 0.049884946812973535 0.049884946812973535
0.5833333333333334 0.9622504486493763 0.020917515282562728 0.020917515282562728
0.5833333333333334 1.1547005383792515 0.02935557140142606 0.02935557140142606
0.5833333333333334 1.3471506281091268 0.020917515282562825 0.020917515282562825
0.5833333333333334 1.539600717839002 0.0498849468129742 0.0498849468129742
0.5833333333333334 1.7320508075688772 0.1909350815517541 0.1909350815517541
0.5833333333333334 1.9245008972987525 0.04988494681297376 0.04988494681297376
0.5833333333333334 2.116950987028628 0.020917515282562884 0.020917515282562884
0.5833333333333334 2.309401076758503 0.02935557140142661 0.02935557140142661
0.6666666666666666 -2.309401076758503 0.024510835658003043 0.024510835658003043
0.6666666666666666 -2.116950987028628 0.015410870442698751 0.015410870442698751
0.6666666666666666 -1.9245008972987525 0.32963768396062537 0.32963768396062537
0.6666666666666666 -1.7320508075688772 0.7611137964120465 0.7611137964120465
0.6666666666666666 -1.539600717839002 0.3296376839606249 0.3296376839606249
0.6666666666666666 -1.3471506281091268 0.015410870442698628 0.015410870442698628
0.6666666666666666 -1.1547005383792515 0.02451083565800403 0.02451083565800403
0.6666666666666666 -0.9622504486493763 0.015410870442698713 0.015410870442698713
0.6666666666666666 -0.769800358919501 0.32963768396062537 0.32963768396062537
0.6666666666666666 -0.5773502691896257 0.7611137964120469 0.7611137964120469
0.6666666666666666 -0.3849001794597505 0.32963768396062465 0.32963768396062465
0.6666666666666666 -0.19245008972987526 0.015410870442698985 0.015410870442698985
0.6666666666666666 0.0 0.02451083565800382 0.02451083565800382
0.6666666666666666 0.19245008972987526 0.015410870442698954 0.015410870442698954
0.6666666666666666 0.3849001794597505 0.3296376839606249 0.3296376839606249
0.6666666666666666 0.5773502691896257 0.7611137964120466 0.7611137964120466
0.6666666666666666 0.769800358919501 0.32963768396062515 0.32963768396062515
0.6666666666666666 0.9622504486493763 0.01541087044269885 0.01541087044269885
0.6666666666666666 1.1547005383792515 0.02451083565800405 0.02451083565800405
0.6666666666666666 1.3471506281091268 0.015410870442698633 0.015410870442698633
0.6666666666666666 1.539600717839002 0.3296376839606245 0.3296376839606245
0.6666666666666666 1.7320508075688772 0.7611137964120464 0.7611137964120464
0.6666666666666666 1.9245008972987525 0.32963768396062465 0.32963768396062465
0.6666666666666666 2.116950987028628 0.015410870442698926 0.015410870442698926
0.6666666666666666 2.309401076758503 0.02451083565800299 0.02451083565800299
0.75 -2.309401076758503 0.017549322924244146 0.017549322924244146
0.75 -2.116950987028628 0.012783797107212566 0.012783797107212566
0.75 -1.9245008972987525 0.862300621901353 0.862300621901353
0.75 -1.7320508075688772 0.9430550289911838 0.9430550289911838
0.75 -1.539600717839002 0.8623006219013526 0.8623006219013526
0.75 -1.3471506281091268 0.012783797107212384 0.012783797107212384
0.75 -1.1547005383792515 0.017549322924244406 0.017549322924244406
0.75 -0.9622504486493763 0.012783797107212716 0.012783797107212716
0.75 -0.769800358919501 0.8623006219013539 0.8623006219013539
0.75 -0.5773502691896257 0.9430550289911835 0.9430550289911835
0.75 -0.3849001794597505 0.8623006219013533 0.8623006219013533
0.75 -0.19245008972987526 0.0127837971072127 0.0127837971072127
0.75 0.0 0.01754932292424434 0.01754932292424434
0.75 0.19245008972987526 0.012783797107212648 0.012783797107212648
0.75 0.3849001794597505 0.8623006219013538 0.8623006219013538
0.75 0.5773502691896257 0.9430550289911835 0.9430550289911835
0.75 0.769800358919501 0.8623006219013538 0.8623006219013538
0.75 0.9622504486493763 0.012783797107212834 0.012783797107212834
0.75 1.1547005383792515 0.017549322924244486 0.017549322924244486
0.75 1.3471506281091268 0.012783797107212407 0.012783797107212407
0.75 1.539600717839002 0.8623006219013541 0.8623006219013541
0.75 1.7320508075688772 0.9430550289911842 0.9430550289911842
0.75 1.9245008972987525 0.8623006219013537 0.8623006219013537
0.75 2.116950987028628 0.012783797107212695 0.012783797107212695
0.75 2.309401076758503 0.017549322924244222 0.017549322924244222
0.8333333333333334 -2.309401076758503 0.0161610762505814 0.0161610762505814
0.8333333333333334 -2.116950987028628 0.011164547718725368 0.011164547718725368
0.8333333333333334 -1.9245008972987525 0.9442670187606531 0.9442670187606531
0.8333333333333334 -1.7320508075688772 0.9577529575088196 0.9577529575088196
0.8333333333333334 -1.539600717839002 0.9442670187606542 0.9442670187606542
0.8333333333333334 -1.3471506281091268 0.011164547718725115 0.011164547718725115
0.8333333333333334 -1.1547005383792515 0.01616107625058134 0.01616107625058134
0.8333333333333334 -0.9622504486493763 0.011164547718725607 0.011164547718725607
0.8333333333333334 -0.769800358919501 0.9442670187606534 0.9442670187606534
0.8333333333333334 -0.5773502691896257 0.9577529575088194 0.9577529575088194
0.8333333333333334 -0.3849001794597505 0.944267018760654 0.944267018760654
0.8333333333333334 -0.19245008972987526 0.011164547718725357 0.011164547718725357
0.8333333333333334 0.0 0.01616107625058125 0.01616107625058125
0.8333333333333334 0.19245008972987526 0.01116454771872534 0.01116454771872534
0.8333333333333334 0.3849001794597505 0.9442670187606533 0.9442670187606533
0.8333333333333334 0.5773502691896257 0.9577529575088196 0.9577529575088196
0.8333333333333334 0.769800358919501 0.9442670187606537 0.9442670187606537
0.8333333333333334 0.9622504486493763 0.011164547718725625 0.011164547718725625
0.8333333333333334 1.1547005383792515 0.016161076250581365 0.016161076250581365
0.8333333333333334 1.3471506281091268 0.011164547718725071 0.011164547718725071
0.8333333333333334 1.539600717839002 0.9442670187606537 0.9442670187606537
0.8333333333333334 1.7320508075688772 0.9577529575088197 0.9577529575088197
0.8333333333333334 1.9245008972987525 0.9442670187606541 0.9442670187606541
0.8333333333333334 2.116950987028628 0.011164547718725423 0.011164547718725423
0.8333333333333334 2.309401076758503 0.016161076250581406 0.016161076250581406
0.9166666666666666 -2.309401076758503 0.015430613690432912 0.015430613690432912
0.9166666666666666 -2.116950987028628 0.010456579617887388 0.010456579617887388
0.9166666666666666 -1.9245008972987525 0.9606372410904925 0.9606372410904925
0.9166666666666666 -1.7320508075688772 0.9623254786607527 0.9623254786607527
0.9166666666666666 -1.539600717839002 0.9606372410904926 0.9606372410904926
0.9166666666666666 -1.3471506281091268 0.010456579617887204 0.010456579617887204
0.9166666666666666 -1.1547005383792515 0.015430613690433297 0.015430613690433297
0.9166666666666666 -0.9622504486493763 0.010456579617887369 0.010456579617887369
0.9166666666666666 -0.769800358919501 0.9606372410904933 0.9606372410904933
0.9166666666666666 -0.5773502691896257 0.9623254786607529 0.9623254786607529
0.9166666666666666 -0.3849001794597505 0.9606372410904918 0.9606372410904918
0.9166666666666666 -0.19245008972987526 0.010456579617887596 0.010456579617887596
0.9166666666666666 0.0 0.015430613690433225 0.015430613690433225
0.9166666666666666 0.19245008972987526 0.010456579617887627 0.010456579617887627
0.9166666666666666 0.3849001794597505 0.9606372410904923 0.9606372410904923
0.9166666666666666 0.5773502691896257 0.962325478660752 0.962325478660752
0.9166666666666666 0.769800358919501 0.9606372410904933 0.9606372410904933
0.9166666666666666 0.9622504486493763 0.010456579617887339 0.010456579617887339
0.9166666666666666 1.1547005383792515 0.0154306136904333 0.0154306136904333
0.9166666666666666 1.3471506281091268 0.010456579617887204 0.010456579617887204
0.9166666666666666 1.539600717839002 0.9606372410904926 0.9606372410904926
0.9166666666666666 1.7320508075688772 0.9623254786607515 0.9623254786607515
0.9166666666666666 1.9245008972987525 0.9606372410904925 0.9606372410904925
0.9166666666666666 2.116950987028628 0.010456579617887478 0.010456579617887478
0.9166666666666666 2.309401076758503 0.015430613690432908 0.015430613690432908
1.0 -2.309401076758503 0.013855015844894665 0.013855015844894665
1.0 -2.116950987028628 0.008701301093759531 0.008701301093759531
1.0 -1.9245008972987525 0.9620875446373786 0.9620875446373786
1.0 -1.7320508075688772 0.9690241262423428 0.9690241262423428
1.0 -1.539600717839002 0.9620875446373777 0.9620875446373777
1.0 -1.3471506281091268 0.008701301093759342 0.008701301093759342
1.0 -1.1547005383792515 0.013855015844894665 0.013855015844894665
1.0 -0.9622504486493763 0.008701301093759564 0.008701301093759564
1.0 -0.769800358919501 0.9620875446373777 0.9620875446373777
1.0 -0.5773502691896257 0.9690241262423428 0.9690241262423428
1.0 -0.3849001794597505 0.9620875446373774 0.9620875446373774
1.0 -0.19245008972987526 0.008701301093759582 0.008701301093759582
1.0 0.0 0.013855015844894665 0.013855015844894665
1.0 0.19245008972987526 0.008701301093759585 0.008701301093759585
1.0 0.3849001794597505 0.9620875446373778 0.9620875446373778
1.0 0.5773502691896257 0.9690241262423428 0.9690241262423428
1.0 0.769800358919501 0.9620875446373778 0.9620875446373778
1.0 0.9622504486493763 0.008701301093759568 0.008701301093759568
1.0 1.1547005383792515 0.013855015844894665 0.013855015844894665
1.0 1.3471506281091268 0.008701301093759342 0.008701301093759342
1.0 1.539600717839002 0.9620875446373779 0.9620875446373779
1.0 1.7320508075688772 0.9690241262423428 0.9690241262423428
1.0 1.9245008972987525 0.9620875446373786 0.9620875446373786
1.0 2.116950987028628 0.008701301093759488 0.008701301093759488
1.0 2.309401076758503 0.013855015844894665 0.013855015844894665
1.0833333333333333 -2.309401076758503 0.015430613690432615 0.015430613690432615
1.0833333333333333 -2.116950987028628 0.010456579617887752 0.010456579617887752
1.0833333333333333 -1.9245008972987525 0.9606372410904924 0.9606372410904924
1.0833333333333333 -1.7320508075688772 0.9623254786607516 0.9623254786607516
1.0833333333333333 -1.539600717839002 0.9606372410904928 0.9606372410904928
1.0833333333333333 -1.3471506281091268 0.010456579617887428 0.010456579617887428
1.0833333333333333 -1.1547005383792515 0.015430613690433078 0.015430613690433078
1.0833333333333333 -0.9622504486493763 0.010456579617887844 0.010456579617887844
1.0833333333333333 -0.769800358919501 0.9606372410904934 0.9606372410904934
1.0833333333333333 -0.5773502691896257 0.9623254786607521 0.9623254786607521
1.0833333333333333 -0.3849001794597505 0.9606372410904929 0.9606372410904929
1.0833333333333333 -0.19245008972987526 0.010456579617887724 0.010456579617887724
1.0833333333333333 0.0 0.01543061369043296 0.01543061369043296
1.0833333333333333 0.19245008972987526 0.010456579617887731 0.010456579617887731
1.0833333333333333 0.3849001794597505 0.9606372410904929 0.9606372410904929
1.0833333333333333 0.5773502691896257 0.9623254786607526 0.9623254786607526
1.0833333333333333 0.769800358919501 0.9606372410904932 0.9606372410904932
1.0833333333333333 0.9622504486493763 0.010456579617887866 0.010456579617887866
1.0833333333333333 1.1547005383792515 0.015430613690433026 0.015430613690433026
1.0833333333333333 1.3471506281091268 0.01045657961788737 0.01045657961788737
1.0833333333333333 1.539600717839002 0.9606372410904925 0.9606372410904925
1.0833333333333333 1.7320508075688772 0.9623254786607526 0.9623254786607526
1.0833333333333333 1.9245008972987525 0.9606372410904929 0.9606372410904929
1.0833333333333333 2.116950987028628 0.010456579617887703 0.010456579617887703
1.0833333333333333 2.309401076758503 0.015430613690432552 0.015430613690432552
1.1666666666666667 -2.309401076758503 0.01616107625058137 0.01616107625058137
1.1666666666666667 -2.116950987028628 0.011164547718725111 0.011164547718725111
1.1666666666666667 -1.9245008972987525 0.9442670187606532 0.9442670187606532
1.1666666666666667 -1.7320508075688772 0.9577529575088194 0.9577529575088194
1.1666666666666667 -1.539600717839002 0.9442670187606528 0.9442670187606528
1.1666666666666667 -1.3471506281091268 0.011164547718725019 0.011164547718725019
1.1666666666666667 -1.1547005383792515 0.01616107625058094 0.01616107625058094
1.1666666666666667 -0.9622504486493763 0.011164547718725396 0.011164547718725396
1.1666666666666667 -0.769800358919501 0.9442670187606528 0.9442670187606528
1.1666666666666667 -0.5773502691896257 0.9577529575088191 0.9577529575088191
1.1666666666666667 -0.3849001794597505 0.9442670187606531 0.9442670187606531
1.1666666666666667 -0.19245008972987526 0.011164547718725328 0.011164547718725328
1.1666666666666667 0.0 0.016161076250581177 0.016161076250581177
1.1666666666666667 0.19245008972987526 0.011164547718725354 0.011164547718725354
1.1666666666666667 0.3849001794597505 0.9442670187606534 0.9442670187606534
1.1666666666666667 0.5773502691896257 0.9577529575088192 0.9577529575088192
1.1666666666666667 0.769800358919501 0.9442670187606532 0.9442670187606532
1.1666666666666667 0.9622504486493763 0.011164547718725302 0.011164547718725302
1.1666666666666667 1.1547005383792515 0.016161076250580962 0.016161076250580962
1.1666666666666667 1.3471506281091268 0.011164547718725111 0.011164547718725111
1.1666666666666667 1.539600717839002 0.9442670187606544 0.9442670187606544
1.1666666666666667 1.7320508075688772 0.9577529575088198 0.9577529575088198
1.1666666666666667 1.9245008972987525 0.9442670187606529 0.9442670187606529
1.1666666666666667 2.116950987028628 0.011164547718725062 0.011164547718725062
1.1666666666666667 2.309401076758503 0.016161076250581413 0.016161076250581413
1.25 -2.309401076758503 0.017549322924244264 0.017549322924244264
1.25 -2.116950987028628 0.012783797107213066 0.012783797107213066
1.25 -1.9245008972987525 0.8623006219013535 0.8623006219013535
1.25 -1.7320508075688772 0.9430550289911842 0.9430550289911842
1.25 -1.539600717839002 0.8623006219013547 0.8623006219013547
1.25 -1.3471506281091268 0.012783797107212643 0.012783797107212643
1.25 -1.1547005383792515 0.01754932292424439 0.01754932292424439
1.25 -0.9622504486493763 0.012783797107212762 0.012783797107212762
1.25 -0.769800358919501 0.862300621901354 0.862300621901354
1.25 -0.5773502691896257 0.9430550289911838 0.9430550289911838
1.25 -0.3849001794597505 0.862300621901354 0.862300621901354
1.25 -0.19245008972987526 0.012783797107212655 0.012783797107212655
1.25 0.0 0.017549322924244274 0.017549322924244274
1.25 0.19245008972987526 0.012783797107212674 0.012783797107212674
1.25 0.3849001794597505 0.8623006219013538 0.8623006219013538
1.25 0.5773502691896257 0.9430550289911835 0.9430550289911835
1.25 0.769800358919501 0.862300621901354 0.862300621901354
1.25 0.9622504486493763 0.012783797107212702 0.012783797107212702
1.25 1.1547005383792515 0.01754932292424432 0.01754932292424432
1.25 1.3471506281091268 0.012783797107212653 0.012783797107212653
1.25 1.539600717839002 0.8623006219013528 0.8623006219013528
1.25 1.7320508075688772 0.9430550289911829 0.9430550289911829
1.25 1.9245008972987525 0.862300621901353 0.862300621901353
1.25 2.116950987028628 0.012783797107212978 0.012783797107212978
1.25 2.309401076758503 0.017549322924244177 0.017549322924244177
1.3333333333333333 -2.309401076758503 0.024510835658003192 0.024510835658003192
1.3333333333333333 -2.116950987028628 0.015410870442699256 0.015410870442699256
1.3333333333333333 -1.9245008972987525 0.3296376839606268 0.3296376839606268
1.3333333333333333 -1.7320508075688772 0.7611137964120475 0.7611137964120475
1.3333333333333333 -1.539600717839002 0.3296376839606267 0.3296376839606267
1.3333333333333333 -1.3471506281091268 0.015410870442698716 0.015410870442698716
1.3333333333333333 -1.1547005383792515 0.024510835658003927 0.024510835658003927
1.3333333333333333 -0.9622504486493763 0.015410870442698822 0.015410870442698822
1.3333333333333333 -0.769800358919501 0.3296376839606273 0.3296376839606273
1.3333333333333333 -0.5773502691896257 0.7611137964120475 0.7611137964120475
1.3333333333333333 -0.3849001794597505 0.3296376839606271 0.3296376839606271
1.3333333333333333 -0.19245008972987526 0.015410870442698897 0.015410870442698897
1.3333333333333333 0.0 0.024510835658003577 0.024510835658003577
1.3333333333333333 0.19245008972987526 0.015410870442698933 0.015410870442698933
1.3333333333333333 0.3849001794597505 0.3296376839606268 0.3296376839606268
1.3333333333333333 0.5773502691896257 0.7611137964120475 0.7611137964120475
1.3333333333333333 0.769800358919501 0.3296376839606272 0.3296376839606272
1.3333333333333333 0.9622504486493763 0.015410870442698713 0.015410870442698713
1.3333333333333333 1.1547005383792515 0.024510835658003903 0.024510835658003903
1.3333333333333333 1.3471506281091268 0.015410870442698704 0.015410870442698704
1.3333333333333333 1.539600717839002 0.3296376839606266 0.3296376839606266
1.3333333333333333 1.7320508075688772 0.7611137964120472 0.7611137964120472
1.3333333333333333 1.9245008972987525 0.3296376839606272 0.3296376839606272
1.3333333333333333 2.116950987028628 0.015410870442699178 0.015410870442699178
1.3333333333333333 2.309401076758503 0.024510835658003133 0.024510835658003133
1.4166666666666667 -2.309401076758503 0.029355571401426934 0.029355571401426934
1.4166666666666667 -2.116950987028628 0.020917515282562645 0.020917515282562645
1.4166666666666667 -1.9245008972987525 0.04988494681297388 0.04988494681297388
1.4166666666666667 -1.7320508075688772 0.19093508155175423 0.19093508155175423
1.4166666666666667 -1.539600717839002 0.04988494681297398 0.04988494681297398
1.4166666666666667 -1.3471506281091268 0.02091751528256254 0.02091751528256254
1.4166666666666667 -1.1547005383792515 0.029355571401425917 0.029355571401425917
1.4166666666666667 -0.9622504486493763 0.020917515282562776 0.020917515282562776
1.4166666666666667 -0.769800358919501 0.04988494681297384 0.04988494681297384
1.4166666666666667 -0.5773502691896257 0.19093508155175337 0.19093508155175337
1.4166666666666667 -0.3849001794597505 0.04988494681297374 0.04988494681297374
1.4166666666666667 -0.19245008972987526 0.020917515282562846 0.020917515282562846
1.4166666666666667 0.0 0.029355571401426132 0.029355571401426132
1.4166666666666667 0.19245008972987526 0.020917515282562894 0.020917515282562894
1.4166666666666667 0.3849001794597505 0.04988494681297359 0.04988494681297359
1.4166666666666667 0.5773502691896257 0.1909350815517534 0.1909350815517534
1.4166666666666667 0.769800358919501 0.04988494681297387 0.04988494681297387
1.4166666666666667 0.9622504486493763 0.020917515282562728 0.020917515282562728
1.4166666666666667 1.1547005383792515 0.02935557140142575 0.02935557140142575
1.4166666666666667 1.3471506281091268 0.020917515282562565 0.020917515282562565
1.4166666666666667 1.539600717839002 0.04988494681297394 0.04988494681297394
1.4166666666666667 1.7320508075688772 0.1909350815517539 0.1909350815517539
1.4166666666666667 1.9245008972987525 0.04988494681297406 0.04988494681297406
1.4166666666666667 2.116950987028628 0.020917515282562693 0.020917515282562693
1.4166666666666667 2.309401076758503 0.029355571401426743 0.029355571401426743
1.5 -2.309401076758503 0.04807141934628739 0.04807141934628739
1.5 -2.116950987028628 0.030768099526782833 0.030768099526782833
1.5 -1.9245008972987525 0.03076809952678243 0.03076809952678243
1.5 -1.7320508075688772 0.04807141934628678 0.04807141934628678
1.5 -1.539600717839002 0.030768099526782798 0.030768099526782798
1.5 -1.3471506281091268 0.030768099526782545 0.030768099526782545
1.5 -1.1547005383792515 0.04807141934628707 0.04807141934628707
1.5 -0.9622504486493763 0.03076809952678254 0.03076809952678254
1.5 -0.769800358919501 0.03076809952678266 0.03076809952678266
1.5 -0.5773502691896257 0.04807141934628721 0.04807141934628721
1.5 -0.3849001794597505 0.03076809952678224 0.03076809952678224
1.5 -0.19245008972987526 0.030768099526782264 0.030768099526782264
1.5 0.0 0.04807141934628731 0.04807141934628731
1.5 0.19245008972987526 0.03076809952678231 0.03076809952678231
1.5 0.3849001794597505 0.030768099526782337 0.030768099526782337
1.5 0.5773502691896257 0.04807141934628724 0.04807141934628724
1.5 0.769800358919501 0.030768099526782604 0.030768099526782604
1.5 0.9622504486493763 0.030768099526782493 0.030768099526782493
1.5 1.1547005383792515 0.04807141934628702 0.04807141934628702
1.5 1.3471506281091268 0.030768099526782625 0.030768099526782625
1.5 1.539600717839002 0.030768099526782867 0.030768099526782867
1.5 1.7320508075688772 0.04807141934628681 0.04807141934628681
1.5 1.9245008972987525 0.03076809952678246 0.03076809952678246
1.5 2.116950987028628 0.03076809952678278 0.03076809952678278
1.5 2.309401076758503 0.04807141934628728 0.04807141934628728
1.5833333333333333 -2.309401076758503 0.1909350815517525 0.1909350815517525
1.5833333333333333 -2.116950987028628 0.0498849468129742 0.0498849468129742
1.5833333333333333 -1.9245008972987525 0.020917515282562617 0.020917515282562617
1.5833333333333333 -1.7320508075688772 0.029355571401425567 0.029355571401425567
1.5833333333333333 -1.539600717839002 0.020917515282562534 0.020917515282562534
1.5833333333333333 -1.3471506281091268 0.04988494681297373 0.04988494681297373
1.5833333333333333 -1.1547005383792515 0.19093508155175334 0.19093508155175334
1.5833333333333333 -0.9622504486493763 0.04988494681297388 0.04988494681297388
1.5833333333333333 -0.769800358919501 0.02091751528256267 0.02091751528256267
1.5833333333333333 -0.5773502691896257 0.029355571401426115 0.029355571401426115
1.5833333333333333 -0.3849001794597505 0.020917515282562568 0.020917515282562568
1.5833333333333333 -0.19245008972987526 0.04988494681297394 0.04988494681297394
1.5833333333333333 0.0 0.19093508155175296 0.19093508155175296
1.5833333333333333 0.19245008972987526 0.04988494681297401 0.04988494681297401
1.5833333333333333 0.3849001794597505 0.02091751528256256 0.02091751528256256
1.5833333333333333 0.5773502691896257 0.0293555714014262 0.0293555714014262
1.5833333333333333 0.769800358919501 0.02091751528256266 0.02091751528256266
1.5833333333333333 0.9622504486493763 0.049884946812973896 0.049884946812973896
1.5833333333333333 1.1547005383792515 0.1909350815517535 0.1909350815517535
1.5833333333333333 1.3471506281091268 0.04988494681297377 0.04988494681297377
1.5833333333333333 1.539600717839002 0.02091751528256259 0.02091751528256259
1.5833333333333333 1.7320508075688772 0.02935557140142577 0.02935557140142577
1.5833333333333333 1.9245008972987525 0.02091751528256261 0.02091751528256261
1.5833333333333333 2.116950987028628 0.04988494681297413 0.04988494681297413
1.5833333333333333 2.309401076758503 0.1909350815517526 0.1909350815517526
1.6666666666666667 -2.309401076758503 0.7611137964120469 0.7611137964120469
1.6666666666666667 -2.116950987028628 0.32963768396062565 0.32963768396062565
1.6666666666666667 -1.9245008972987525 0.015410870442698621 0.015410870442698621
1.6666666666666667 -1.7320508075688772 0.024510835658004018 0.024510835658004018
1.6666666666666667 -1.539600717839002 0.015410870442699058 0.015410870442699058
1.6666666666666667 -1.3471506281091268 0.32963768396062665 0.32963768396062665
1.6666666666666667 -1.1547005383792515 0.7611137964120471 0.7611137964120471
1.6666666666666667 -0.9622504486493763 0.32963768396062587 0.32963768396062587
1.6666666666666667 -0.769800358919501 0.015410870442698942 0.015410870442698942
1.6666666666666667 -0.5773502691896257 0.0245108356580037 0.0245108356580037
1.6666666666666667 -0.3849001794597505 0.015410870442698867 0.015410870442698867
1.6666666666666667 -0.19245008972987526 0.3296376839606265 0.3296376839606265
1.6666666666666667 0.0 0.761113796412047 0.761113796412047
1.6666666666666667 0.19245008972987526 0.32963768396062637 0.32963768396062637
1.6666666666666667 0.3849001794597505 0.01541087044269896 0.01541087044269896
1.6666666666666667 0.5773502691896257 0.02451083565800377 0.02451083565800377
1.6666666666666667 0.769800358919501 0.015410870442698949 0.015410870442698949
1.6666666666666667 0.9622504486493763 0.3296376839606263 0.3296376839606263
1.6666666666666667 1.1547005383792515 0.7611137964120468 0.7611137964120468
1.6666666666666667 1.3471506281091268 0.3296376839606258 0.3296376839606258
1.6666666666666667 1.539600717839002 0.015410870442699117 0.015410870442699117
1.6666666666666667 1.7320508075688772 0.024510835658004 0.024510835658004
1.6666666666666667 1.9245008972987525 0.015410870442698633 0.015410870442698633
1.6666666666666667 2.116950987028628 0.3296376839606251 0.3296376839606251
1.6666666666666667 2.309401076758503 0.7611137964120473 0.7611137964120473
1.75 -2.309401076758503 0.9430550289911841 0.9430550289911841
1.75 -2.116950987028628 0.862300621901353 0.862300621901353
1.75 -1.9245008972987525 0.012783797107212386 0.012783797107212386
1.75 -1.7320508075688772 0.017549322924244243 0.017549322924244243
1.75 -1.539600717839002 0.01278379710721274 0.01278379710721274
1.75 -1.3471506281091268 0.862300621901354 0.862300621901354
1.75 -1.1547005383792515 0.9430550289911838 0.9430550289911838
1.75 -0.9622504486493763 0.8623006219013528 0.8623006219013528
1.75 -0.769800358919501 0.012783797107212969 0.012783797107212969
1.75 -0.5773502691896257 0.017549322924244486 0.017549322924244486
1.75 -0.3849001794597505 0.012783797107212832 0.012783797107212832
1.75 -0.19245008972987526 0.8623006219013536 0.8623006219013536
1.75 0.0 0.9430550289911831 0.9430550289911831
1.75 0.19245008972987526 0.8623006219013533 0.8623006219013533
1.75 0.3849001794597505 0.012783797107212825 0.012783797107212825
1.75 0.5773502691896257 0.017549322924244493 0.017549322924244493
1.75 0.769800358919501 0.012783797107212959 0.012783797107212959
1.75 0.9622504486493763 0.8623006219013544 0.8623006219013544
1.75 1.1547005383792515 0.9430550289911838 0.9430550289911838
1.75 1.3471506281091268 0.8623006219013545 0.8623006219013545
1.75 1.539600717839002 0.012783797107212773 0.012783797107212773
1.75 1.7320508075688772 0.017549322924244305 0.017549322924244305
1.75 1.9245008972987525 0.012783797107212502 0.012783797107212502
1.75 2.116950987028628 0.8623006219013534 0.8623006219013534
1.75 2.309401076758503 0.9430550289911842 0.9430550289911842
1.8333333333333333 -2.309401076758503 0.95775295750882 0.95775295750882
1.8333333333333333 -2.116950987028628 0.9442670187606539 0.9442670187606539
1.8333333333333333 -1.9245008972987525 0.01116454771872533 0.01116454771872533
1.8333333333333333 -1.7320508075688772 0.016161076250580907 0.016161076250580907
1.8333333333333333 -1.539600717839002 0.011164547718724742 0.011164547718724742
1.8333333333333333 -1.3471506281091268 0.9442670187606532 0.9442670187606532
1.8333333333333333 -1.1547005383792515 0.95775295750882 0.95775295750882
1.8333333333333333 -0.9622504486493763 0.9442670187606539 0.9442670187606539
1.8333333333333333 -0.769800358919501 0.011164547718725163 0.011164547718725163
1.8333333333333333 -0.5773502691896257 0.01616107625058122 0.01616107625058122
1.8333333333333333 -0.3849001794597505 0.011164547718725342 0.011164547718725342
1.8333333333333333 -0.19245008972987526 0.9442670187606528 0.9442670187606528
1.8333333333333333 0.0 0.95775295750882 0.95775295750882
1.8333333333333333 0.19245008972987526 0.9442670187606533 0.9442670187606533
1.8333333333333333 0.3849001794597505 0.011164547718725382 0.011164547718725382
1.8333333333333333 0.5773502691896257 0.016161076250581313 0.016161076250581313
1.8333333333333333 0.769800358919501 0.011164547718725102 0.011164547718725102
1.8333333333333333 0.9622504486493763 0.9442670187606529 0.9442670187606529
1.8333333333333333 1.1547005383792515 0.95775295750882 0.95775295750882
1.8333333333333333 1.3471506281091268 0.9442670187606537 0.9442670187606537
1.8333333333333333 1.539600717839002 0.011164547718724813 0.011164547718724813
1.8333333333333333 1.7320508075688772 0.0161610762505809 0.0161610762505809
1.8333333333333333 1.9245008972987525 0.011164547718725415 0.011164547718725415
1.8333333333333333 2.116950987028628 0.9442670187606531 0.9442670187606531
1.8333333333333333 2.309401076758503 0.9577529575088197 0.9577529575088197
1.9166666666666667 -2.309401076758503 0.9623254786607535 0.9623254786607535
1.9166666666666667 -2.116950987028628 0.9606372410904922 0.9606372410904922
1.9166666666666667 -1.9245008972987525 0.010456579617887849 0.010456579617887849
1.9166666666666667 -1.7320508075688772 0.015430613690433118 0.015430613690433118
1.9166666666666667 -1.539600717839002 0.010456579617887249 0.010456579617887249
1.9166666666666667 -1.3471506281091268 0.9606372410904928 0.9606372410904928
1.9166666666666667 -1.1547005383792515 0.9623254786607531 0.9623254786607531
1.9166666666666667 -0.9622504486493763 0.9606372410904928 0.9606372410904928
1.9166666666666667 -0.769800358919501 0.0104565796178879 0.0104565796178879
1.9166666666666667 -0.5773502691896257 0.015430613690432854 0.015430613690432854
1.9166666666666667 -0.3849001794597505 0.010456579617887558 0.010456579617887558
1.9166666666666667 -0.19245008972987526 0.9606372410904928 0.9606372410904928
1.9166666666666667 0.0 0.9623254786607534 0.9623254786607534
1.9166666666666667 0.19245008972987526 0.9606372410904928 0.9606372410904928
1.9166666666666667 0.3849001794597505 0.010456579617887537 0.010456579617887537
1.9166666666666667 0.5773502691896257 0.015430613690432816 0.015430613690432816
1.9166666666666667 0.769800358919501 0.010456579617887908 0.010456579617887908
1.9166666666666667 0.9622504486493763 0.960637241090493 0.960637241090493
1.9166666666666667 1.1547005383792515 0.9623254786607517 0.9623254786607517
1.9166666666666667 1.3471506281091268 0.9606372410904928 0.9606372410904928
1.9166666666666667 1.539600717839002 0.010456579617887174 0.010456579617887174
1.9166666666666667 1.7320508075688772 0.015430613690433137 0.015430613690433137
1.9166666666666667 1.9245008972987525 0.010456579617887887 0.010456579617887887
1.9166666666666667 2.116950987028628 0.9606372410904921 0.9606372410904921
1.9166666666666667 2.309401076758503 0.9623254786607525 0.9623254786607525
2.0 -2.309401076758503 0.9690241262423428 0.9690241262423428
2.0 -2.116950987028628 0.9620875446373772 0.9620875446373772
2.0 -1.9245008972987525 0.008701301093759745 0.008701301093759745
2.0 -1.7320508075688772 0.013855015844894665 0.013855015844894665
2.0 -1.539600717839002 0.008701301093759588 0.008701301093759588
2.0 -1.3471506281091268 0.9620875446373786 0.9620875446373786
2.0 -1.1547005383792515 0.9690241262423428 0.9690241262423428
2.0 -0.9622504486493763 0.9620875446373777 0.9620875446373777
2.0 -0.769800358919501 0.008701301093759687 0.008701301093759687
2.0 -0.5773502691896257 0.013855015844894665 0.013855015844894665
2.0 -0.3849001794597505 0.008701301093759653 0.008701301093759653
2.0 -0.19245008972987526 0.9620875446373773 0.9620875446373773
2.0 0.0 0.9690241262423428 0.9690241262423428
2.0 0.19245008972987526 0.9620875446373778 0.9620875446373778
2.0 0.3849001794597505 0.008701301093759668 0.008701301093759668
2.0 0.5773502691896257 0.013855015844894665 0.013855015844894665
2.0 0.769800358919501 0.00870130109375969 0.00870130109375969
2.0 0.9622504486493763 0.9620875446373776 0.9620875446373776
2.0 1.1547005383792515 0.9690241262423428 0.9690241262423428
2.0 1.3471506281091268 0.9620875446373788 0.9620875446373788
2.0 1.539600717839002 0.008701301093759554 0.008701301093759554
2.0 1.7320508075688772 0.013855015844894665 0.013855015844894665
2.0 1.9245008972987525 0.00870130109375971 0.00870130109375971
2.0 2.116950987028628 0.9620875446373776 0.9620875446373776
2.0 2.309401076758503 0.9690241262423428 0.9690241262423428
