-2.0 -2.309401076758503 0.9690241262423442 0.9690241262423442
-2.0 -2.116950987028628 0.9620875446373782 0.9620875446373782
-2.0 -1.9245008972987525 0.9104868909977739 0.9104868909977739
-2.0 -1.7320508075688772 0.013855015844894708 0.013855015844894708
-2.0 -1.539600717839002 0.910486890997773 0.910486890997773
-2.0 -1.3471506281091268 0.9620875446373794 0.9620875446373794
-2.0 -1.1547005383792515 0.9690241262423442 0.9690241262423442
-2.0 -0.9622504486493763 0.9620875446373787 0.9620875446373787
-2.0 -0.769800358919501 0.9104868909977742 0.9104868909977742
-2.0 -0.5773502691896257 0.013855015844894708 0.013855015844894708
-2.0 -0.3849001794597505 0.910486890997774 0.910486890997774
-2.0 -0.19245008972987526 0.9620875446373779 0.9620875446373779
-2.0 0.0 0.9690241262423442 0.9690241262423442
-2.0 0.19245008972987526 0.9620875446373781 0.9620875446373781
-2.0 0.3849001794597505 0.9104868909977737 0.9104868909977737
-2.0 0.5773502691896257 0.013855015844894708 0.013855015844894708
-2.0 0.769800358919501 0.9104868909977737 0.9104868909977737
-2.0 0.9622504486493763 0.9620875446373787 0.9620875446373787
-2.0 1.1547005383792515 0.9690241262423442 0.9690241262423442
-2.0 1.3471506281091268 0.962087544637379 0.962087544637379
-2.0 1.539600717839002 0.9104868909977732 0.9104868909977732
-2.0 1.7320508075688772 0.013855015844894708 0.013855015844894708
-2.0 1.9245008972987525 0.9104868909977735 0.9104868909977735
-2.0 2.116950987028628 0.962087544637378 0.962087544637378
-2.0 2.309401076758503 0.9690241262423442 0.9690241262423442
-1.9166666666666667 -2.309401076758503 0.9623254786607508 0.9623254786607508
-1.9166666666666667 -2.116950987028628 0.9626386348383763 0.9626386348383763
-1.9166666666666667 -1.9245008972987525 0.22061891474213333 0.22061891474213333
-1.9166666666666667 -1.7320508075688772 0.015430613690432766 0.015430613690432766
-1.9166666666666667 -1.539600717839002 0.22061891474213338 0.22061891474213338
-1.9166666666666667 -1.3471506281091268 0.9626386348383758 0.9626386348383758
-1.9166666666666667 -1.1547005383792515 0.96232547866075 0.96232547866075
-1.9166666666666667 -0.9622504486493763 0.9626386348383767 0.9626386348383767
-1.9166666666666667 -0.769800358919501 0.22061891474213277 0.22061891474213277
-1.9166666666666667 -0.5773502691896257 0.015430613690432901 0.015430613690432901
-1.9166666666666667 -0.3849001794597505 0.22061891474213316 0.22061891474213316
-1.9166666666666667 -0.19245008972987526 0.9626386348383765 0.9626386348383765
-1.9166666666666667 0.0 0.9623254786607504 0.9623254786607504
-1.9166666666666667 0.19245008972987526 0.9626386348383766 0.9626386348383766
-1.9166666666666667 0.3849001794597505 0.2206189147421322 0.2206189147421322
-1.9166666666666667 0.5773502691896257 0.01543061369043288 0.01543061369043288
-1.9166666666666667 0.769800358919501 0.22061891474213347 0.22061891474213347
-1.9166666666666667 0.9622504486493763 0.9626386348383764 0.9626386348383764
-1.9166666666666667 1.1547005383792515 0.9623254786607498 0.9623254786607498
-1.9166666666666667 1.3471506281091268 0.962638634838376 0.962638634838376
-1.9166666666666667 1.539600717839002 0.2206189147421325 0.2206189147421325
-1.9166666666666667 1.7320508075688772 0.015430613690432669 0.015430613690432669
-1.9166666666666667 1.9245008972987525 0.22061891474213413 0.22061891474213413
-1.9166666666666667 2.116950987028628 0.962638634838376 0.962638634838376
-1.9166666666666667 2.309401076758503 0.9623254786607505 0.9623254786607505
-1.8333333333333333 -2.309401076758503 0.9577529575088253 0.9577529575088253
-1.8333333333333333 -2.116950987028628 0.9468996708546641 0.9468996708546641
-1.8333333333333333 -1.9245008972987525 0.024236276252592146 0.024236276252592146
-1.8333333333333333 -1.7320508075688772 0.01616107625058086 0.01616107625058086
-1.8333333333333333 -1.539600717839002 0.02423627625259175 0.02423627625259175
-1.8333333333333333 -1.3471506281091268 0.9468996708546649 0.9468996708546649
-1.8333333333333333 -1.1547005383792515 0.9577529575088256 0.9577529575088256
-1.8333333333333333 -0.9622504486493763 0.9468996708546639 0.9468996708546639
-1.8333333333333333 -0.769800358919501 0.024236276252592306 0.024236276252592306
-1.8333333333333333 -0.5773502691896257 0.016161076250581285 0.016161076250581285
-1.8333333333333333 -0.3849001794597505 0.024236276252592007 0.024236276252592007
-1.8333333333333333 -0.19245008972987526 0.9468996708546643 0.9468996708546643
-1.8333333333333333 0.0 0.9577529575088262 0.9577529575088262
-1.8333333333333333 0.19245008972987526 0.9468996708546635 0.9468996708546635
-1.8333333333333333 0.3849001794597505 0.02423627625259207 0.02423627625259207
-1.8333333333333333 0.5773502691896257 0.016161076250581243 0.016161076250581243
-1.8333333333333333 0.769800358919501 0.02423627625259221 0.02423627625259221
-1.8333333333333333 0.9622504486493763 0.9468996708546646 0.9468996708546646
-1.8333333333333333 1.1547005383792515 0.9577529575088259 0.9577529575088259
-1.8333333333333333 1.3471506281091268 0.9468996708546642 0.9468996708546642
-1.8333333333333333 1.539600717839002 0.024236276252591823 0.024236276252591823
-1.8333333333333333 1.7320508075688772 0.01616107625058081 0.01616107625058081
-1.8333333333333333 1.9245008972987525 0.024236276252592007 0.024236276252592007
-1.8333333333333333 2.116950987028628 0.9468996708546649 0.9468996708546649
-1.8333333333333333 2.309401076758503 0.9577529575088254 0.9577529575088254
-1.75 -2.309401076758503 0.943055028991183 0.943055028991183
-1.75 -2.116950987028628 0.9130106889608841 0.9130106889608841
-1.75 -1.9245008972987525 0.01646842724404045 0.01646842724404045
-1.75 -1.7320508075688772 0.01754932292424445 0.01754932292424445
-1.75 -1.539600717839002 0.016468427244041014 0.016468427244041014
-1.75 -1.3471506281091268 0.9130106889608839 0.9130106889608839
-1.75 -1.1547005383792515 0.943055028991183 0.943055028991183
-1.75 -0.9622504486493763 0.9130106889608848 0.9130106889608848
-1.75 -0.769800358919501 0.01646842724404124 0.01646842724404124
-1.75 -0.5773502691896257 0.017549322924244583 0.017549322924244583
-1.75 -0.3849001794597505 0.016468427244041208 0.016468427244041208
-1.75 -0.19245008972987526 0.9130106889608841 0.9130106889608841
-1.75 0.0 0.9430550289911824 0.9430550289911824
-1.75 0.19245008972987526 0.9130106889608843 0.9130106889608843
-1.75 0.3849001794597505 0.016468427244041184 0.016468427244041184
-1.75 0.5773502691896257 0.017549322924244555 0.017549322924244555
-1.75 0.769800358919501 0.016468427244041278 0.016468427244041278
-1.75 0.9622504486493763 0.9130106889608842 0.9130106889608842
-1.75 1.1547005383792515 0.9430550289911831 0.9430550289911831
-1.75 1.3471506281091268 0.9130106889608843 0.9130106889608843
-1.75 1.539600717839002 0.016468427244041 0.016468427244041
-1.75 1.7320508075688772 0.01754932292424447 0.01754932292424447
-1.75 1.9245008972987525 0.016468427244040417 0.016468427244040417
-1.75 2.116950987028628 0.9130106889608833 0.9130106889608833
-1.75 2.309401076758503 0.9430550289911829 0.9430550289911829
-1.6666666666666667 -2.309401076758503 0.7611137964120479 0.7611137964120479
-1.6666666666666667 -2.116950987028628 0.4750693897038927 0.4750693897038927
-1.6666666666666667 -1.9245008972987525 0.02175918498295444 0.02175918498295444
-1.6666666666666667 -1.7320508075688772 0.024510835658004056 0.024510835658004056
-1.6666666666666667 -1.539600717839002 0.021759184982955218 0.021759184982955218
-1.6666666666666667 -1.3471506281091268 0.4750693897038935 0.4750693897038935
-1.6666666666666667 -1.1547005383792515 0.7611137964120487 0.7611137964120487
-1.6666666666666667 -0.9622504486493763 0.4750693897038931 0.4750693897038931
-1.6666666666666667 -0.769800358919501 0.021759184982954993 0.021759184982954993
-1.6666666666666667 -0.5773502691896257 0.024510835658003678 0.024510835658003678
-1.6666666666666667 -0.3849001794597505 0.021759184982955142 0.021759184982955142
-1.6666666666666667 -0.19245008972987526 0.4750693897038936 0.4750693897038936
-1.6666666666666667 0.0 0.7611137964120478 0.7611137964120478
-1.6666666666666667 0.19245008972987526 0.4750693897038934 0.4750693897038934
-1.6666666666666667 0.3849001794597505 0.021759184982955027 0.021759184982955027
-1.6666666666666667 0.5773502691896257 0.024510835658003688 0.024510835658003688
-1.6666666666666667 0.769800358919501 0.02175918498295501 0.02175918498295501
-1.6666666666666667 0.9622504486493763 0.475069389703893 0.475069389703893
-1.6666666666666667 1.1547005383792515 0.7611137964120479 0.7611137964120479
-1.6666666666666667 1.3471506281091268 0.47506938970389295 0.47506938970389295
-1.6666666666666667 1.539600717839002 0.02175918498295507 0.02175918498295507
-1.6666666666666667 1.7320508075688772 0.0245108356580041 0.0245108356580041
-1.6666666666666667 1.9245008972987525 0.021759184982954365 0.021759184982954365
-1.6666666666666667 2.116950987028628 0.47506938970389295 0.47506938970389295
-1.6666666666666667 2.309401076758503 0.7611137964120472 0.7611137964120472
-1.5833333333333333 -2.309401076758503 0.19093508155175262 0.19093508155175262
-1.5833333333333333 -2.116950987028628 0.05732248895623614 0.05732248895623614
-1.5833333333333333 -1.9245008972987525 0.025208471881126703 0.025208471881126703
-1.5833333333333333 -1.7320508075688772 0.02935557140142544 0.02935557140142544
-1.5833333333333333 -1.539600717839002 0.025208471881126213 0.025208471881126213
-1.5833333333333333 -1.3471506281091268 0.05732248895623614 0.05732248895623614
-1.5833333333333333 -1.1547005383792515 0.1909350815517534 0.1909350815517534
-1.5833333333333333 -0.9622504486493763 0.057322488956236185 0.057322488956236185
-1.5833333333333333 -0.769800358919501 0.025208471881126435 0.025208471881126435
-1.5833333333333333 -0.5773502691896257 0.029355571401426146 0.029355571401426146
-1.5833333333333333 -0.3849001794597505 0.025208471881126498 0.025208471881126498
-1.5833333333333333 -0.19245008972987526 0.057322488956236387 0.057322488956236387
-1.5833333333333333 0.0 0.1909350815517526 0.1909350815517526
-1.5833333333333333 0.19245008972987526 0.05732248895623636 0.05732248895623636
-1.5833333333333333 0.3849001794597505 0.025208471881126474 0.025208471881126474
-1.5833333333333333 0.5773502691896257 0.029355571401426122 0.029355571401426122
-1.5833333333333333 0.769800358919501 0.02520847188112641 0.02520847188112641
-1.5833333333333333 0.9622504486493763 0.05732248895623637 0.05732248895623637
-1.5833333333333333 1.1547005383792515 0.190935081551753 0.190935081551753
-1.5833333333333333 1.3471506281091268 0.05732248895623616 0.05732248895623616
-1.5833333333333333 1.539600717839002 0.025208471881126154 0.025208471881126154
-1.5833333333333333 1.7320508075688772 0.029355571401425317 0.029355571401425317
-1.5833333333333333 1.9245008972987525 0.02520847188112657 0.02520847188112657
-1.5833333333333333 2.116950987028628 0.0573224889562363 0.0573224889562363
-1.5833333333333333 2.309401076758503 0.19093508155175265 0.19093508155175265
-1.5 -2.309401076758503 0.04807141934628703 0.04807141934628703
-1.5 -2.116950987028628 0.04202473854652228 0.04202473854652228
-1.5 -1.9245008972987525 0.04202473854652206 0.04202473854652206
-1.5 -1.7320508075688772 0.04807141934628682 0.04807141934628682
-1.5 -1.539600717839002 0.042024738546522215 0.042024738546522215
-1.5 -1.3471506281091268 0.04202473854652215 0.04202473854652215
-1.5 -1.1547005383792515 0.04807141934628689 0.04807141934628689
-1.5 -0.9622504486493763 0.04202473854652182 0.04202473854652182
-1.5 -0.769800358919501 0.04202473854652196 0.04202473854652196
-1.5 -0.5773502691896257 0.04807141934628726 0.04807141934628726
-1.5 -0.3849001794597505 0.042024738546521646 0.042024738546521646
-1.5 -0.19245008972987526 0.04202473854652169 0.04202473854652169
-1.5 0.0 0.04807141934628738 0.04807141934628738
-1.5 0.19245008972987526 0.04202473854652166 0.04202473854652166
-1.5 0.3849001794597505 0.04202473854652159 0.04202473854652159
-1.5 0.5773502691896257 0.04807141934628724 0.04807141934628724
-1.5 0.769800358919501 0.0420247385465221 0.0420247385465221
-1.5 0.9622504486493763 0.04202473854652192 0.04202473854652192
-1.5 1.1547005383792515 0.048071419346286996 0.048071419346286996
-1.5 1.3471506281091268 0.04202473854652205 0.04202473854652205
-1.5 1.539600717839002 0.04202473854652218 0.04202473854652218
-1.5 1.7320508075688772 0.048071419346286774 0.048071419346286774
-1.5 1.9245008972987525 0.042024738546522 0.042024738546522
-1.5 2.116950987028628 0.04202473854652242 0.04202473854652242
-1.5 2.309401076758503 0.04807141934628715 0.04807141934628715
-1.4166666666666667 -2.309401076758503 0.0293555714014264 0.0293555714014264
-1.4166666666666667 -2.116950987028628 0.02520847188112676 0.02520847188112676
-1.4166666666666667 -1.9245008972987525 0.05732248895623613 0.05732248895623613
-1.4166666666666667 -1.7320508075688772 0.1909350815517534 0.1909350815517534
-1.4166666666666667 -1.539600717839002 0.05732248895623612 0.05732248895623612
-1.4166666666666667 -1.3471506281091268 0.025208471881126574 0.025208471881126574
-1.4166666666666667 -1.1547005383792515 0.029355571401425782 0.029355571401425782
-1.4166666666666667 -0.9622504486493763 0.025208471881126775 0.025208471881126775
-1.4166666666666667 -0.769800358919501 0.05732248895623619 0.05732248895623619
-1.4166666666666667 -0.5773502691896257 0.19093508155175287 0.19093508155175287
-1.4166666666666667 -0.3849001794597505 0.057322488956236074 0.057322488956236074
-1.4166666666666667 -0.19245008972987526 0.02520847188112699 0.02520847188112699
-1.4166666666666667 0.0 0.029355571401426098 0.029355571401426098
-1.4166666666666667 0.19245008972987526 0.02520847188112695 0.02520847188112695
-1.4166666666666667 0.3849001794597505 0.057322488956236116 0.057322488956236116
-1.4166666666666667 0.5773502691896257 0.19093508155175315 0.19093508155175315
-1.4166666666666667 0.769800358919501 0.057322488956236206 0.057322488956236206
-1.4166666666666667 0.9622504486493763 0.025208471881126834 0.025208471881126834
-1.4166666666666667 1.1547005383792515 0.029355571401425935 0.029355571401425935
-1.4166666666666667 1.3471506281091268 0.025208471881126595 0.025208471881126595
-1.4166666666666667 1.539600717839002 0.057322488956236116 0.057322488956236116
-1.4166666666666667 1.7320508075688772 0.19093508155175362 0.19093508155175362
-1.4166666666666667 1.9245008972987525 0.057322488956236074 0.057322488956236074
-1.4166666666666667 2.116950987028628 0.025208471881126675 0.025208471881126675
-1.4166666666666667 2.309401076758503 0.02935557140142669 0.02935557140142669
-1.3333333333333333 -2.309401076758503 0.02451083565800341 0.02451083565800341
-1.3333333333333333 -2.116950987028628 0.021759184982955277 0.021759184982955277
-1.3333333333333333 -1.9245008972987525 0.47506938970389456 0.47506938970389456
-1.3333333333333333 -1.7320508075688772 0.7611137964120482 0.7611137964120482
-1.3333333333333333 -1.539600717839002 0.47506938970389456 0.47506938970389456
-1.3333333333333333 -1.3471506281091268 0.02175918498295481 0.02175918498295481
-1.3333333333333333 -1.1547005383792515 0.024510835658003872 0.024510835658003872
-1.3333333333333333 -0.9622504486493763 0.021759184982955038 0.021759184982955038
-1.3333333333333333 -0.769800358919501 0.4750693897038942 0.4750693897038942
-1.3333333333333333 -0.5773502691896257 0.7611137964120489 0.7611137964120489
-1.3333333333333333 -0.3849001794597505 0.4750693897038944 0.4750693897038944
-1.3333333333333333 -0.19245008972987526 0.02175918498295521 0.02175918498295521
-1.3333333333333333 0.0 0.024510835658003553 0.024510835658003553
-1.3333333333333333 0.19245008972987526 0.021759184982955183 0.021759184982955183
-1.3333333333333333 0.3849001794597505 0.47506938970389445 0.47506938970389445
-1.3333333333333333 0.5773502691896257 0.7611137964120492 0.7611137964120492
-1.3333333333333333 0.769800358919501 0.4750693897038946 0.4750693897038946
-1.3333333333333333 0.9622504486493763 0.02175918498295523 0.02175918498295523
-1.3333333333333333 1.1547005383792515 0.024510835658003886 0.024510835658003886
-1.3333333333333333 1.3471506281091268 0.021759184982954826 0.021759184982954826
-1.3333333333333333 1.539600717839002 0.47506938970389445 0.47506938970389445
-1.3333333333333333 1.7320508075688772 0.7611137964120487 0.7611137964120487
-1.3333333333333333 1.9245008972987525 0.47506938970389434 0.47506938970389434
-1.3333333333333333 2.116950987028628 0.021759184982955537 0.021759184982955537
-1.3333333333333333 2.309401076758503 0.02451083565800336 0.02451083565800336
-1.25 -2.309401076758503 0.01754932292424401 0.01754932292424401
-1.25 -2.116950987028628 0.0164684272440413 0.0164684272440413
-1.25 -1.9245008972987525 0.9130106889608841 0.9130106889608841
-1.25 -1.7320508075688772 0.9430550289911829 0.9430550289911829
-1.25 -1.539600717839002 0.9130106889608842 0.9130106889608842
-1.25 -1.3471506281091268 0.016468427244040695 0.016468427244040695
-1.25 -1.1547005383792515 0.017549322924244493 0.017549322924244493
-1.25 -0.9622504486493763 0.016468427244040858 0.016468427244040858
-1.25 -0.769800358919501 0.9130106889608841 0.9130106889608841
-1.25 -0.5773502691896257 0.9430550289911831 0.9430550289911831
-1.25 -0.3849001794597505 0.9130106889608841 0.9130106889608841
-1.25 -0.19245008972987526 0.01646842724404077 0.01646842724404077
-1.25 0.0 0.017549322924244375 0.017549322924244375
-1.25 0.19245008972987526 0.01646842724404075 0.01646842724404075
-1.25 0.3849001794597505 0.9130106889608848 0.9130106889608848
-1.25 0.5773502691896257 0.943055028991183 0.943055028991183
-1.25 0.769800358919501 0.9130106889608839 0.9130106889608839
-1.25 0.9622504486493763 0.016468427244040896 0.016468427244040896
-1.25 1.1547005383792515 0.017549322924244538 0.017549322924244538
-1.25 1.3471506281091268 0.01646842724404065 0.01646842724404065
-1.25 1.539600717839002 0.9130106889608846 0.9130106889608846
-1.25 1.7320508075688772 0.9430550289911834 0.9430550289911834
-1.25 1.9245008972987525 0.9130106889608834 0.9130106889608834
-1.25 2.116950987028628 0.01646842724404133 0.01646842724404133
-1.25 2.309401076758503 0.017549322924244087 0.017549322924244087
-1.1666666666666667 -2.309401076758503 0.016161076250581143 0.016161076250581143
-1.1666666666666667 -2.116950987028628 0.02423627625259207 0.02423627625259207
-1.1666666666666667 -1.9245008972987525 0.9468996708546641 0.9468996708546641
-1.1666666666666667 -1.7320508075688772 0.9577529575088263 0.9577529575088263
-1.1666666666666667 -1.539600717839002 0.946899670854665 0.946899670854665
-1.1666666666666667 -1.3471506281091268 0.024236276252591588 0.024236276252591588
-1.1666666666666667 -1.1547005383792515 0.016161076250580983 0.016161076250580983
-1.1666666666666667 -0.9622504486493763 0.02423627625259209 0.02423627625259209
-1.1666666666666667 -0.769800358919501 0.9468996708546651 0.9468996708546651
-1.1666666666666667 -0.5773502691896257 0.9577529575088262 0.9577529575088262
-1.1666666666666667 -0.3849001794597505 0.946899670854666 0.946899670854666
-1.1666666666666667 -0.19245008972987526 0.024236276252591858 0.024236276252591858
-1.1666666666666667 0.0 0.016161076250581184 0.016161076250581184
-1.1666666666666667 0.19245008972987526 0.0242362762525919 0.0242362762525919
-1.1666666666666667 0.3849001794597505 0.946899670854665 0.946899670854665
-1.1666666666666667 0.5773502691896257 0.9577529575088266 0.9577529575088266
-1.1666666666666667 0.769800358919501 0.9468996708546655 0.9468996708546655
-1.1666666666666667 0.9622504486493763 0.024236276252592004 0.024236276252592004
-1.1666666666666667 1.1547005383792515 0.016161076250580973 0.016161076250580973
-1.1666666666666667 1.3471506281091268 0.024236276252591633 0.024236276252591633
-1.1666666666666667 1.539600717839002 0.9468996708546646 0.9468996708546646
-1.1666666666666667 1.7320508075688772 0.9577529575088256 0.9577529575088256
-1.1666666666666667 1.9245008972987525 0.9468996708546653 0.9468996708546653
-1.1666666666666667 2.116950987028628 0.024236276252591882 0.024236276252591882
-1.1666666666666667 2.309401076758503 0.016161076250581167 0.016161076250581167
-1.0833333333333333 -2.309401076758503 0.015430613690432443 0.015430613690432443
-1.0833333333333333 -2.116950987028628 0.22061891474213388 0.22061891474213388
-1.0833333333333333 -1.9245008972987525 0.9626386348383765 0.9626386348383765
-1.0833333333333333 -1.7320508075688772 0.9623254786607494 0.9623254786607494
-1.0833333333333333 -1.539600717839002 0.9626386348383754 0.9626386348383754
-1.0833333333333333 -1.3471506281091268 0.22061891474213427 0.22061891474213427
-1.0833333333333333 -1.1547005383792515 0.015430613690433012 0.015430613690433012
-1.0833333333333333 -0.9622504486493763 0.22061891474213374 0.22061891474213374
-1.0833333333333333 -0.769800358919501 0.9626386348383756 0.9626386348383756
-1.0833333333333333 -0.5773502691896257 0.9623254786607506 0.9623254786607506
-1.0833333333333333 -0.3849001794597505 0.9626386348383756 0.9626386348383756
-1.0833333333333333 -0.19245008972987526 0.22061891474213452 0.22061891474213452
-1.0833333333333333 0.0 0.015430613690432936 0.015430613690432936
-1.0833333333333333 0.19245008972987526 0.22061891474213388 0.22061891474213388
-1.0833333333333333 0.3849001794597505 0.9626386348383759 0.9626386348383759
-1.0833333333333333 0.5773502691896257 0.9623254786607504 0.9623254786607504
-1.0833333333333333 0.769800358919501 0.9626386348383754 0.9626386348383754
-1.0833333333333333 0.9622504486493763 0.22061891474213471 0.22061891474213471
-1.0833333333333333 1.1547005383792515 0.015430613690433068 0.015430613690433068
-1.0833333333333333 1.3471506281091268 0.22061891474213352 0.22061891474213352
-1.0833333333333333 1.539600717839002 0.9626386348383762 0.9626386348383762
-1.0833333333333333 1.7320508075688772 0.9623254786607498 0.9623254786607498
-1.0833333333333333 1.9245008972987525 0.9626386348383755 0.9626386348383755
-1.0833333333333333 2.116950987028628 0.22061891474213466 0.22061891474213466
-1.0833333333333333 2.309401076758503 0.01543061369043252 0.01543061369043252
-1.0 -2.309401076758503 0.013855015844894708 0.013855015844894708
-1.0 -2.116950987028628 0.9104868909977729 0.9104868909977729
-1.0 -1.9245008972987525 0.9620875446373789 0.9620875446373789
-1.0 -1.7320508075688772 0.9690241262423442 0.9690241262423442
-1.0 -1.539600717839002 0.9620875446373781 0.9620875446373781
-1.0 -1.3471506281091268 0.9104868909977745 0.9104868909977745
-1.0 -1.1547005383792515 0.013855015844894708 0.013855015844894708
-1.0 -0.9622504486493763 0.9104868909977732 0.9104868909977732
-1.0 -0.769800358919501 0.9620875446373782 0.9620875446373782
-1.0 -0.5773502691896257 0.9690241262423442 0.9690241262423442
-1.0 -0.3849001794597505 0.9620875446373783 0.9620875446373783
-1.0 -0.19245008972987526 0.9104868909977736 0.9104868909977736
-1.0 0.0 0.013855015844894708 0.013855015844894708
-1.0 0.19245008972987526 0.9104868909977738 0.9104868909977738
-1.0 0.3849001794597505 0.9620875446373783 0.9620875446373783
-1.0 0.5773502691896257 0.9690241262423442 0.9690241262423442
-1.0 0.769800358919501 0.9620875446373781 0.9620875446373781
-1.0 0.9622504486493763 0.9104868909977731 0.9104868909977731
-1.0 1.1547005383792515 0.013855015844894708 0.013855015844894708
-1.0 1.3471506281091268 0.9104868909977741 0.9104868909977741
-1.0 1.539600717839002 0.9620875446373782 0.9620875446373782
-1.0 1.7320508075688772 0.9690241262423442 0.9690241262423442
-1.0 1.9245008972987525 0.962087544637379 0.962087544637379
-1.0 2.116950987028628 0.9104868909977729 0.9104868909977729
-1.0 2.309401076758503 0.013855015844894708 0.013855015844894708
-0.9166666666666666 -2.309401076758503 0.015430613690432953 0.015430613690432953
-0.9166666666666666 -2.116950987028628 0.2206189147421327 0.2206189147421327
-0.9166666666666666 -1.9245008972987525 0.9626386348383765 0.9626386348383765
-0.9166666666666666 -1.7320508075688772 0.9623254786607496 0.9623254786607496
-0.9166666666666666 -1.539600717839002 0.9626386348383766 0.9626386348383766
-0.9166666666666666 -1.3471506281091268 0.2206189147421319 0.2206189147421319
-0.9166666666666666 -1.1547005383792515 0.015430613690433255 0.015430613690433255
-0.9166666666666666 -0.9622504486493763 0.2206189147421331 0.2206189147421331
-0.9166666666666666 -0.769800358919501 0.9626386348383763 0.9626386348383763
-0.9166666666666666 -0.5773502691896257 0.9623254786607492 0.9623254786607492
-0.9166666666666666 -0.3849001794597505 0.9626386348383764 0.9626386348383764
-0.9166666666666666 -0.19245008972987526 0.22061891474213297 0.22061891474213297
-0.9166666666666666 0.0 0.01543061369043322 0.01543061369043322
-0.9166666666666666 0.19245008972987526 0.2206189147421335 0.2206189147421335
-0.9166666666666666 0.3849001794597505 0.9626386348383761 0.9626386348383761
-0.9166666666666666 0.5773502691896257 0.9623254786607495 0.9623254786607495
-0.9166666666666666 0.769800358919501 0.9626386348383766 0.9626386348383766
-0.9166666666666666 0.9622504486493763 0.22061891474213222 0.22061891474213222
-0.9166666666666666 1.1547005383792515 0.015430613690433272 0.015430613690433272
-0.9166666666666666 1.3471506281091268 0.22061891474213272 0.22061891474213272
-0.9166666666666666 1.539600717839002 0.9626386348383767 0.9626386348383767
-0.9166666666666666 1.7320508075688772 0.9623254786607491 0.9623254786607491
-0.9166666666666666 1.9245008972987525 0.9626386348383771 0.9626386348383771
-0.9166666666666666 2.116950987028628 0.22061891474213205 0.22061891474213205
-0.9166666666666666 2.309401076758503 0.015430613690432918 0.015430613690432918
-0.8333333333333334 -2.309401076758503 0.016161076250581326 0.016161076250581326
-0.8333333333333334 -2.116950987028628 0.024236276252591976 0.024236276252591976
-0.8333333333333334 -1.9245008972987525 0.9468996708546658 0.9468996708546658
-0.8333333333333334 -1.7320508075688772 0.9577529575088263 0.9577529575088263
-0.8333333333333334 -1.539600717839002 0.9468996708546655 0.9468996708546655
-0.8333333333333334 -1.3471506281091268 0.024236276252591848 0.024236276252591848
-0.8333333333333334 -1.1547005383792515 0.016161076250581184 0.016161076250581184
-0.8333333333333334 -0.9622504486493763 0.024236276252592042 0.024236276252592042
-0.8333333333333334 -0.769800358919501 0.9468996708546661 0.9468996708546661
-0.8333333333333334 -0.5773502691896257 0.9577529575088266 0.9577529575088266
-0.8333333333333334 -0.3849001794597505 0.9468996708546651 0.9468996708546651
-0.8333333333333334 -0.19245008972987526 0.024236276252591775 0.024236276252591775
-0.8333333333333334 0.0 0.016161076250581257 0.016161076250581257
-0.8333333333333334 0.19245008972987526 0.02423627625259172 0.02423627625259172
-0.8333333333333334 0.3849001794597505 0.9468996708546661 0.9468996708546661
-0.8333333333333334 0.5773502691896257 0.9577529575088267 0.9577529575088267
-0.8333333333333334 0.769800358919501 0.9468996708546653 0.9468996708546653
-0.8333333333333334 0.9622504486493763 0.02423627625259207 0.02423627625259207
-0.8333333333333334 1.1547005383792515 0.01616107625058118 0.01616107625058118
-0.8333333333333334 1.3471506281091268 0.02423627625259184 0.02423627625259184
-0.8333333333333334 1.539600717839002 0.9468996708546661 0.9468996708546661
-0.8333333333333334 1.7320508075688772 0.9577529575088265 0.9577529575088265
-0.8333333333333334 1.9245008972987525 0.9468996708546645 0.9468996708546645
-0.8333333333333334 2.116950987028628 0.02423627625259205 0.02423627625259205
-0.8333333333333334 2.309401076758503 0.016161076250581302 0.016161076250581302
-0.75 -2.309401076758503 0.017549322924244267 0.017549322924244267
-0.75 -2.116950987028628 0.01646842724404123 0.01646842724404123
-0.75 -1.9245008972987525 0.913010688960883 0.913010688960883
-0.75 -1.7320508075688772 0.9430550289911831 0.9430550289911831
-0.75 -1.539600717839002 0.9130106889608848 0.9130106889608848
-0.75 -1.3471506281091268 0.016468427244040795 0.016468427244040795
-0.75 -1.1547005383792515 0.017549322924244545 0.017549322924244545
-0.75 -0.9622504486493763 0.016468427244041163 0.016468427244041163
-0.75 -0.769800358919501 0.9130106889608839 0.9130106889608839
-0.75 -0.5773502691896257 0.9430550289911829 0.9430550289911829
-0.75 -0.3849001794597505 0.9130106889608846 0.9130106889608846
-0.75 -0.19245008972987526 0.016468427244041062 0.016468427244041062
-0.75 0.0 0.01754932292424434 0.01754932292424434
-0.75 0.19245008972987526 0.016468427244041052 0.016468427244041052
-0.75 0.3849001794597505 0.9130106889608843 0.9130106889608843
-0.75 0.5773502691896257 0.9430550289911827 0.9430550289911827
-0.75 0.769800358919501 0.9130106889608841 0.9130106889608841
-0.75 0.9622504486493763 0.016468427244041132 0.016468427244041132
-0.75 1.1547005383792515 0.017549322924244496 0.017549322924244496
-0.75 1.3471506281091268 0.016468427244040774 0.016468427244040774
-0.75 1.539600717839002 0.9130106889608843 0.9130106889608843
-0.75 1.7320508075688772 0.9430550289911827 0.9430550289911827
-0.75 1.9245008972987525 0.9130106889608843 0.9130106889608843
-0.75 2.116950987028628 0.01646842724404117 0.01646842724404117
-0.75 2.309401076758503 0.01754932292424426 0.01754932292424426
-0.6666666666666666 -2.309401076758503 0.024510835658003053 0.024510835658003053
-0.6666666666666666 -2.116950987028628 0.021759184982955287 0.021759184982955287
-0.6666666666666666 -1.9245008972987525 0.47506938970389223 0.47506938970389223
-0.6666666666666666 -1.7320508075688772 0.7611137964120472 0.7611137964120472
-0.6666666666666666 -1.539600717839002 0.4750693897038923 0.4750693897038923
-0.6666666666666666 -1.3471506281091268 0.02175918498295476 0.02175918498295476
-0.6666666666666666 -1.1547005383792515 0.02451083565800389 0.02451083565800389
-0.6666666666666666 -0.9622504486493763 0.02175918498295528 0.02175918498295528
-0.6666666666666666 -0.769800358919501 0.4750693897038924 0.4750693897038924
-0.6666666666666666 -0.5773502691896257 0.7611137964120479 0.7611137964120479
-0.6666666666666666 -0.3849001794597505 0.4750693897038923 0.4750693897038923
-0.6666666666666666 -0.19245008972987526 0.02175918498295516 0.02175918498295516
-0.6666666666666666 0.0 0.024510835658003792 0.024510835658003792
-0.6666666666666666 0.19245008972987526 0.021759184982955235 0.021759184982955235
-0.6666666666666666 0.3849001794597505 0.4750693897038925 0.4750693897038925
-0.6666666666666666 0.5773502691896257 0.7611137964120473 0.7611137964120473
-0.6666666666666666 0.769800358919501 0.4750693897038921 0.4750693897038921
-0.6666666666666666 0.9622504486493763 0.021759184982955062 0.021759184982955062
-0.6666666666666666 1.1547005383792515 0.02451083565800388 0.02451083565800388
-0.6666666666666666 1.3471506281091268 0.02175918498295476 0.02175918498295476
-0.6666666666666666 1.539600717839002 0.47506938970389234 0.47506938970389234
-0.6666666666666666 1.7320508075688772 0.7611137964120467 0.7611137964120467
-0.6666666666666666 1.9245008972987525 0.4750693897038921 0.4750693897038921
-0.6666666666666666 2.116950987028628 0.021759184982955083 0.021759184982955083
-0.6666666666666666 2.309401076758503 0.024510835658003063 0.024510835658003063
-0.5833333333333334 -2.309401076758503 0.029355571401426493 0.029355571401426493
-0.5833333333333334 -2.116950987028628 0.025208471881127126 0.025208471881127126
-0.5833333333333334 -1.9245008972987525 0.05732248895623558 0.05732248895623558
-0.5833333333333334 -1.7320508075688772 0.19093508155175376 0.19093508155175376
-0.5833333333333334 -1.539600717839002 0.05732248895623598 0.05732248895623598
-0.5833333333333334 -1.3471506281091268 0.02520847188112682 0.02520847188112682
-0.5833333333333334 -1.1547005383792515 0.02935557140142604 0.02935557140142604
-0.5833333333333334 -0.9622504486493763 0.025208471881126883 0.025208471881126883
-0.5833333333333334 -0.769800358919501 0.0573224889562357 0.0573224889562357
-0.5833333333333334 -0.5773502691896257 0.19093508155175304 0.19093508155175304
-0.5833333333333334 -0.3849001794597505 0.05732248895623576 0.05732248895623576
-0.5833333333333334 -0.19245008972987526 0.025208471881126748 0.025208471881126748
-0.5833333333333334 0.0 0.02935557140142607 0.02935557140142607
-0.5833333333333334 0.19245008972987526 0.025208471881126765 0.025208471881126765
-0.5833333333333334 0.3849001794597505 0.057322488956235644 0.057322488956235644
-0.5833333333333334 0.5773502691896257 0.19093508155175282 0.19093508155175282
-0.5833333333333334 0.769800358919501 0.05732248895623561 0.05732248895623561
-0.5833333333333334 0.9622504486493763 0.02520847188112685 0.02520847188112685
-0.5833333333333334 1.1547005383792515 0.02935557140142592 0.02935557140142592
-0.5833333333333334 1.3471506281091268 0.025208471881126824 0.025208471881126824
-0.5833333333333334 1.539600717839002 0.05732248895623596 0.05732248895623596
-0.5833333333333334 1.7320508075688772 0.19093508155175332 0.19093508155175332
-0.5833333333333334 1.9245008972987525 0.05732248895623571 0.05732248895623571
-0.5833333333333334 2.116950987028628 0.02520847188112718 0.02520847188112718
-0.5833333333333334 2.309401076758503 0.029355571401426236 0.029355571401426236
-0.5 -2.309401076758503 0.04807141934628707 0.04807141934628707
-0.5 -2.116950987028628 0.04202473854652201 0.04202473854652201
-0.5 -1.9245008972987525 0.04202473854652196 0.04202473854652196
-0.5 -1.7320508075688772 0.04807141934628707 0.04807141934628707
-0.5 -1.539600717839002 0.04202473854652189 0.04202473854652189
-0.5 -1.3471506281091268 0.042024738546522264 0.042024738546522264
-0.5 -1.1547005383792515 0.04807141934628716 0.04807141934628716
-0.5 -0.9622504486493763 0.042024738546521924 0.042024738546521924
-0.5 -0.769800358919501 0.04202473854652193 0.04202473854652193
-0.5 -0.5773502691896257 0.04807141934628716 0.04807141934628716
-0.5 -0.3849001794597505 0.04202473854652194 0.04202473854652194
-0.5 -0.19245008972987526 0.04202473854652205 0.04202473854652205
-0.5 0.0 0.04807141934628721 0.04807141934628721
-0.5 0.19245008972987526 0.042024738546522104 0.042024738546522104
-0.5 0.3849001794597505 0.042024738546522035 0.042024738546522035
-0.5 0.5773502691896257 0.04807141934628728 0.04807141934628728
-0.5 0.769800358919501 0.042024738546521945 0.042024738546521945
-0.5 0.9622504486493763 0.04202473854652193 0.04202473854652193
-0.5 1.1547005383792515 0.04807141934628718 0.04807141934628718
-0.5 1.3471506281091268 0.04202473854652222 0.04202473854652222
-0.5 1.539600717839002 0.04202473854652203 0.04202473854652203
-0.5 1.7320508075688772 0.04807141934628711 0.04807141934628711
-0.5 1.9245008972987525 0.042024738546522014 0.042024738546522014
-0.5 2.116950987028628 0.04202473854652192 0.04202473854652192
-0.5 2.309401076758503 0.04807141934628703 0.04807141934628703
-0.4166666666666667 -2.309401076758503 0.19093508155175332 0.19093508155175332
-0.4166666666666667 -2.116950987028628 0.05732248895623612 0.05732248895623612
-0.4166666666666667 -1.9245008972987525 0.02520847188112641 0.02520847188112641
-0.4166666666666667 -1.7320508075688772 0.029355571401425733 0.029355571401425733
-0.4166666666666667 -1.539600717839002 0.02520847188112672 0.02520847188112672
-0.4166666666666667 -1.3471506281091268 0.05732248895623599 0.05732248895623599
-0.4166666666666667 -1.1547005383792515 0.19093508155175312 0.19093508155175312
-0.4166666666666667 -0.9622504486493763 0.057322488956235734 0.057322488956235734
-0.4166666666666667 -0.769800358919501 0.025208471881126883 0.025208471881126883
-0.4166666666666667 -0.5773502691896257 0.029355571401426004 0.029355571401426004
-0.4166666666666667 -0.3849001794597505 0.0252084718811267 0.0252084718811267
-0.4166666666666667 -0.19245008972987526 0.05732248895623588 0.05732248895623588
-0.4166666666666667 0.0 0.19093508155175296 0.19093508155175296
-0.4166666666666667 0.19245008972987526 0.05732248895623584 0.05732248895623584
-0.4166666666666667 0.3849001794597505 0.025208471881126716 0.025208471881126716
-0.4166666666666667 0.5773502691896257 0.029355571401426098 0.029355571401426098
-0.4166666666666667 0.769800358919501 0.025208471881126866 0.025208471881126866
-0.4166666666666667 0.9622504486493763 0.05732248895623572 0.05732248895623572
-0.4166666666666667 1.1547005383792515 0.19093508155175334 0.19093508155175334
-0.4166666666666667 1.3471506281091268 0.057322488956235915 0.057322488956235915
-0.4166666666666667 1.539600717839002 0.025208471881126748 0.025208471881126748
-0.4166666666666667 1.7320508075688772 0.02935557140142585 0.02935557140142585
-0.4166666666666667 1.9245008972987525 0.02520847188112653 0.02520847188112653
-0.4166666666666667 2.116950987028628 0.0573224889562361 0.0573224889562361
-0.4166666666666667 2.309401076758503 0.19093508155175326 0.19093508155175326
-0.3333333333333333 -2.309401076758503 0.7611137964120479 0.7611137964120479
-0.3333333333333333 -2.116950987028628 0.47506938970389356 0.47506938970389356
-0.3333333333333333 -1.9245008972987525 0.021759184982955225 0.021759184982955225
-0.3333333333333333 -1.7320508075688772 0.024510835658004257 0.024510835658004257
-0.3333333333333333 -1.539600717839002 0.021759184982955385 0.021759184982955385
-0.3333333333333333 -1.3471506281091268 0.47506938970389284 0.47506938970389284
-0.3333333333333333 -1.1547005383792515 0.7611137964120475 0.7611137964120475
-0.3333333333333333 -0.9622504486493763 0.4750693897038934 0.4750693897038934
-0.3333333333333333 -0.769800358919501 0.021759184982955083 0.021759184982955083
-0.3333333333333333 -0.5773502691896257 0.024510835658003598 0.024510835658003598
-0.3333333333333333 -0.3849001794597505 0.02175918498295507 0.02175918498295507
-0.3333333333333333 -0.19245008972987526 0.4750693897038934 0.4750693897038934
-0.3333333333333333 0.0 0.7611137964120478 0.7611137964120478
-0.3333333333333333 0.19245008972987526 0.47506938970389356 0.47506938970389356
-0.3333333333333333 0.3849001794597505 0.02175918498295521 0.02175918498295521
-0.3333333333333333 0.5773502691896257 0.02451083565800366 0.02451083565800366
-0.3333333333333333 0.769800358919501 0.021759184982955048 0.021759184982955048
-0.3333333333333333 0.9622504486493763 0.4750693897038935 0.4750693897038935
-0.3333333333333333 1.1547005383792515 0.761113796412048 0.761113796412048
-0.3333333333333333 1.3471506281091268 0.47506938970389334 0.47506938970389334
-0.3333333333333333 1.539600717839002 0.021759184982955548 0.021759184982955548
-0.3333333333333333 1.7320508075688772 0.02451083565800422 0.02451083565800422
-0.3333333333333333 1.9245008972987525 0.021759184982955305 0.021759184982955305
-0.3333333333333333 2.116950987028628 0.4750693897038931 0.4750693897038931
-0.3333333333333333 2.309401076758503 0.7611137964120483 0.7611137964120483
-0.25 -2.309401076758503 0.943055028991183 0.943055028991183
-0.25 -2.116950987028628 0.9130106889608842 0.9130106889608842
-0.25 -1.9245008972987525 0.016468427244041055 0.016468427244041055
-0.25 -1.7320508075688772 0.017549322924244513 0.017549322924244513
-0.25 -1.539600717839002 0.016468427244041076 0.016468427244041076
-0.25 -1.3471506281091268 0.9130106889608842 0.9130106889608842
-0.25 -1.1547005383792515 0.9430550289911833 0.9430550289911833
-0.25 -0.9622504486493763 0.9130106889608841 0.9130106889608841
-0.25 -0.769800358919501 0.01646842724404114 0.01646842724404114
-0.25 -0.5773502691896257 0.017549322924244253 0.017549322924244253
-0.25 -0.3849001794597505 0.016468427244041003 0.016468427244041003
-0.25 -0.19245008972987526 0.9130106889608843 0.9130106889608843
-0.25 0.0 0.9430550289911831 0.9430550289911831
-0.25 0.19245008972987526 0.9130106889608843 0.9130106889608843
-0.25 0.3849001794597505 0.01646842724404103 0.01646842724404103
-0.25 0.5773502691896257 0.01754932292424429 0.01754932292424429
-0.25 0.769800358919501 0.016468427244041156 0.016468427244041156
-0.25 0.9622504486493763 0.9130106889608846 0.9130106889608846
-0.25 1.1547005383792515 0.9430550289911829 0.9430550289911829
-0.25 1.3471506281091268 0.9130106889608837 0.9130106889608837
-0.25 1.539600717839002 0.016468427244041104 0.016468427244041104
-0.25 1.7320508075688772 0.01754932292424452 0.01754932292424452
-0.25 1.9245008972987525 0.0164684272440411 0.0164684272440411
-0.25 2.116950987028628 0.9130106889608839 0.9130106889608839
-0.25 2.309401076758503 0.9430550289911833 0.9430550289911833
-0.16666666666666666 -2.309401076758503 0.9577529575088264 0.9577529575088264
-0.16666666666666666 -2.116950987028628 0.9468996708546656 0.9468996708546656
-0.16666666666666666 -1.9245008972987525 0.024236276252592084 0.024236276252592084
-0.16666666666666666 -1.7320508075688772 0.01616107625058102 0.01616107625058102
-0.16666666666666666 -1.539600717839002 0.0242362762525916 0.0242362762525916
-0.16666666666666666 -1.3471506281091268 0.946899670854665 0.946899670854665
-0.16666666666666666 -1.1547005383792515 0.9577529575088266 0.9577529575088266
-0.16666666666666666 -0.9622504486493763 0.9468996708546659 0.9468996708546659
-0.16666666666666666 -0.769800358919501 0.024236276252591973 0.024236276252591973
-0.16666666666666666 -0.5773502691896257 0.016161076250581195 0.016161076250581195
-0.16666666666666666 -0.3849001794597505 0.024236276252591987 0.024236276252591987
-0.16666666666666666 -0.19245008972987526 0.9468996708546654 0.9468996708546654
-0.16666666666666666 0.0 0.957752957508827 0.957752957508827
-0.16666666666666666 0.19245008972987526 0.9468996708546659 0.9468996708546659
-0.16666666666666666 0.3849001794597505 0.024236276252591876 0.024236276252591876
-0.16666666666666666 0.5773502691896257 0.01616107625058119 0.01616107625058119
-0.16666666666666666 0.769800358919501 0.024236276252592063 0.024236276252592063
-0.16666666666666666 0.9622504486493763 0.9468996708546651 0.9468996708546651
-0.16666666666666666 1.1547005383792515 0.9577529575088264 0.9577529575088264
-0.16666666666666666 1.3471506281091268 0.9468996708546658 0.9468996708546658
-0.16666666666666666 1.539600717839002 0.024236276252591563 0.024236276252591563
-0.16666666666666666 1.7320508075688772 0.016161076250581052 0.016161076250581052
-0.16666666666666666 1.9245008972987525 0.02423627625259224 0.02423627625259224
-0.16666666666666666 2.116950987028628 0.9468996708546653 0.9468996708546653
-0.16666666666666666 2.309401076758503 0.9577529575088256 0.9577529575088256
-0.08333333333333333 -2.309401076758503 0.9623254786607498 0.9623254786607498
-0.08333333333333333 -2.116950987028628 0.9626386348383758 0.9626386348383758
-0.08333333333333333 -1.9245008972987525 0.2206189147421336 0.2206189147421336
-0.08333333333333333 -1.7320508075688772 0.015430613690433189 0.015430613690433189
-0.08333333333333333 -1.539600717839002 0.22061891474213263 0.22061891474213263
-0.08333333333333333 -1.3471506281091268 0.9626386348383761 0.9626386348383761
-0.08333333333333333 -1.1547005383792515 0.9623254786607492 0.9623254786607492
-0.08333333333333333 -0.9622504486493763 0.9626386348383765 0.9626386348383765
-0.08333333333333333 -0.769800358919501 0.22061891474213374 0.22061891474213374
-0.08333333333333333 -0.5773502691896257 0.015430613690433168 0.015430613690433168
-0.08333333333333333 -0.3849001794597505 0.22061891474213283 0.22061891474213283
-0.08333333333333333 -0.19245008972987526 0.9626386348383765 0.9626386348383765
-0.08333333333333333 0.0 0.9623254786607492 0.9623254786607492
-0.08333333333333333 0.19245008972987526 0.9626386348383763 0.9626386348383763
-0.08333333333333333 0.3849001794597505 0.22061891474213358 0.22061891474213358
-0.08333333333333333 0.5773502691896257 0.015430613690433113 0.015430613690433113
-0.08333333333333333 0.769800358919501 0.22061891474213308 0.22061891474213308
-0.08333333333333333 0.9622504486493763 0.9626386348383765 0.9626386348383765
-0.08333333333333333 1.1547005383792515 0.962325478660749 0.962325478660749
-0.08333333333333333 1.3471506281091268 0.9626386348383767 0.9626386348383767
-0.08333333333333333 1.539600717839002 0.22061891474213355 0.22061891474213355
-0.08333333333333333 1.7320508075688772 0.015430613690433206 0.015430613690433206
-0.08333333333333333 1.9245008972987525 0.22061891474213283 0.22061891474213283
-0.08333333333333333 2.116950987028628 0.9626386348383762 0.9626386348383762
-0.08333333333333333 2.309401076758503 0.9623254786607494 0.9623254786607494
0.0 -2.309401076758503 0.9690241262423442 0.9690241262423442
0.0 -2.116950987028628 0.9620875446373782 0.9620875446373782
0.0 -1.9245008972987525 0.9104868909977741 0.9104868909977741
0.0 -1.7320508075688772 0.013855015844894708 0.013855015844894708
0.0 -1.539600717839002 0.9104868909977731 0.9104868909977731
0.0 -1.3471506281091268 0.9620875446373788 0.9620875446373788
0.0 -1.1547005383792515 0.9690241262423442 0.9690241262423442
0.0 -0.9622504486493763 0.9620875446373789 0.9620875446373789
0.0 -0.769800358919501 0.910486890997774 0.910486890997774
0.0 -0.5773502691896257 0.013855015844894708 0.013855015844894708
0.0 -0.3849001794597505 0.9104868909977738 0.9104868909977738
0.0 -0.19245008972987526 0.9620875446373781 0.9620875446373781
0.0 0.0 0.9690241262423442 0.9690241262423442
0.0 0.19245008972987526 0.9620875446373781 0.9620875446373781
0.0 0.3849001794597505 0.9104868909977738 0.9104868909977738
0.0 0.5773502691896257 0.013855015844894708 0.013855015844894708
0.0 0.769800358919501 0.910486890997774 0.910486890997774
0.0 0.9622504486493763 0.9620875446373789 0.9620875446373789
0.0 1.1547005383792515 0.9690241262423442 0.9690241262423442
0.0 1.3471506281091268 0.9620875446373788 0.9620875446373788
0.0 1.539600717839002 0.9104868909977731 0.9104868909977731
0.0 1.7320508075688772 0.013855015844894708 0.013855015844894708
0.0 1.9245008972987525 0.9104868909977741 0.9104868909977741
0.0 2.116950987028628 0.9620875446373782 0.9620875446373782
0.0 2.309401076758503 0.9690241262423442 0.9690241262423442
0.08333333333333333 -2.309401076758503 0.9623254786607494 0.9623254786607494
0.08333333333333333 -2.116950987028628 0.9626386348383762 0.9626386348383762
0.08333333333333333 -1.9245008972987525 0.22061891474213283 0.22061891474213283
0.08333333333333333 -1.7320508075688772 0.015430613690433206 0.015430613690433206
0.08333333333333333 -1.539600717839002 0.22061891474213355 0.22061891474213355
0.08333333333333333 -1.3471506281091268 0.9626386348383767 0.9626386348383767
0.08333333333333333 -1.1547005383792515 0.962325478660749 0.962325478660749
0.08333333333333333 -0.9622504486493763 0.9626386348383765 0.9626386348383765
0.08333333333333333 -0.769800358919501 0.22061891474213308 0.22061891474213308
0.08333333333333333 -0.5773502691896257 0.015430613690433113 0.015430613690433113
0.08333333333333333 -0.3849001794597505 0.22061891474213358 0.22061891474213358
0.08333333333333333 -0.19245008972987526 0.9626386348383763 0.9626386348383763
0.08333333333333333 0.0 0.9623254786607492 0.9623254786607492
0.08333333333333333 0.19245008972987526 0.9626386348383765 0.9626386348383765
0.08333333333333333 0.3849001794597505 0.22061891474213283 0.22061891474213283
0.08333333333333333 0.5773502691896257 0.015430613690433168 0.015430613690433168
0.08333333333333333 0.769800358919501 0.22061891474213374 0.22061891474213374
0.08333333333333333 0.9622504486493763 0.9626386348383765 0.9626386348383765
0.08333333333333333 1.1547005383792515 0.9623254786607492 0.9623254786607492
0.08333333333333333 1.3471506281091268 0.9626386348383761 0.9626386348383761
0.08333333333333333 1.539600717839002 0.22061891474213263 0.22061891474213263
0.08333333333333333 1.7320508075688772 0.015430613690433189 0.015430613690433189
0.08333333333333333 1.9245008972987525 0.2206189147421336 0.2206189147421336
0.08333333333333333 2.116950987028628 0.9626386348383758 0.9626386348383758
0.08333333333333333 2.309401076758503 0.9623254786607498 0.9623254786607498
0.16666666666666666 -2.309401076758503 0.9577529575088256 0.9577529575088256
0.16666666666666666 -2.116950987028628 0.9468996708546653 0.9468996708546653
0.16666666666666666 -1.9245008972987525 0.02423627625259224 0.02423627625259224
0.16666666666666666 -1.7320508075688772 0.016161076250581052 0.016161076250581052
0.16666666666666666 -1.539600717839002 0.024236276252591563 0.024236276252591563
0.16666666666666666 -1.3471506281091268 0.9468996708546658 0.9468996708546658
0.16666666666666666 -1.1547005383792515 0.9577529575088264 0.9577529575088264
0.16666666666666666 -0.9622504486493763 0.9468996708546651 0.9468996708546651
0.16666666666666666 -0.769800358919501 0.024236276252592063 0.024236276252592063
0.16666666666666666 -0.5773502691896257 0.01616107625058119 0.01616107625058119
0.16666666666666666 -0.3849001794597505 0.024236276252591876 0.024236276252591876
0.16666666666666666 -0.19245008972987526 0.9468996708546659 0.9468996708546659
0.16666666666666666 0.0 0.957752957508827 0.957752957508827
0.16666666666666666 0.19245008972987526 0.9468996708546654 0.9468996708546654
0.16666666666666666 0.3849001794597505 0.024236276252591987 0.024236276252591987
0.16666666666666666 0.5773502691896257 0.016161076250581195 0.016161076250581195
0.16666666666666666 0.769800358919501 0.024236276252591973 0.024236276252591973
0.16666666666666666 0.9622504486493763 0.9468996708546659 0.9468996708546659
0.16666666666666666 1.1547005383792515 0.9577529575088266 0.9577529575088266
0.16666666666666666 1.3471506281091268 0.946899670854665 0.946899670854665
0.16666666666666666 1.539600717839002 0.0242362762525916 0.0242362762525916
0.16666666666666666 1.7320508075688772 0.01616107625058102 0.01616107625058102
0.16666666666666666 1.9245008972987525 0.024236276252592084 0.024236276252592084
0.16666666666666666 2.116950987028628 0.9468996708546656 0.9468996708546656
0.16666666666666666 2.309401076758503 0.9577529575088264 0.9577529575088264
0.25 -2.309401076758503 0.9430550289911833 0.9430550289911833
0.25 -2.116950987028628 0.9130106889608839 0.9130106889608839
0.25 -1.9245008972987525 0.0164684272440411 0.0164684272440411
0.25 -1.7320508075688772 0.01754932292424452 0.01754932292424452
0.25 -1.539600717839002 0.016468427244041104 0.016468427244041104
0.25 -1.3471506281091268 0.9130106889608837 0.9130106889608837
0.25 -1.1547005383792515 0.9430550289911829 0.9430550289911829
0.25 -0.9622504486493763 0.9130106889608846 0.9130106889608846
0.25 -0.769800358919501 0.016468427244041156 0.016468427244041156
0.25 -0.5773502691896257 0.01754932292424429 0.01754932292424429
0.25 -0.3849001794597505 0.01646842724404103 0.01646842724404103
0.25 -0.19245008972987526 0.9130106889608843 0.9130106889608843
0.25 0.0 0.9430550289911831 0.9430550289911831
0.25 0.19245008972987526 0.9130106889608843 0.9130106889608843
0.25 0.3849001794597505 0.016468427244041003 0.016468427244041003
0.25 0.5773502691896257 0.017549322924244253 0.017549322924244253
0.25 0.769800358919501 0.01646842724404114 0.01646842724404114
0.25 0.9622504486493763 0.9130106889608841 0.9130106889608841
0.25 1.1547005383792515 0.9430550289911833 0.9430550289911833
0.25 1.3471506281091268 0.9130106889608842 0.9130106889608842
0.25 1.539600717839002 0.016468427244041076 0.016468427244041076
0.25 1.7320508075688772 0.017549322924244513 0.017549322924244513
0.25 1.9245008972987525 0.016468427244041055 0.016468427244041055
0.25 2.116950987028628 0.9130106889608842 0.9130106889608842
0.25 2.309401076758503 0.943055028991183 0.943055028991183
0.3333333333333333 -2.309401076758503 0.7611137964120483 0.7611137964120483
0.3333333333333333 -2.116950987028628 0.4750693897038931 0.4750693897038931
0.3333333333333333 -1.9245008972987525 0.021759184982955305 0.021759184982955305
0.3333333333333333 -1.7320508075688772 0.02451083565800422 0.02451083565800422
0.3333333333333333 -1.539600717839002 0.021759184982955548 0.021759184982955548
0.3333333333333333 -1.3471506281091268 0.47506938970389334 0.47506938970389334
0.3333333333333333 -1.1547005383792515 0.761113796412048 0.761113796412048
0.3333333333333333 -0.9622504486493763 0.4750693897038935 0.4750693897038935
0.3333333333333333 -0.769800358919501 0.021759184982955048 0.021759184982955048
0.3333333333333333 -0.5773502691896257 0.02451083565800366 0.02451083565800366
0.3333333333333333 -0.3849001794597505 0.02175918498295521 0.02175918498295521
0.3333333333333333 -0.19245008972987526 0.47506938970389356 0.47506938970389356
0.3333333333333333 0.0 0.7611137964120478 0.7611137964120478
0.3333333333333333 0.19245008972987526 0.4750693897038934 0.4750693897038934
0.3333333333333333 0.3849001794597505 0.02175918498295507 0.02175918498295507
0.3333333333333333 0.5773502691896257 0.024510835658003598 0.024510835658003598
0.3333333333333333 0.769800358919501 0.021759184982955083 0.021759184982955083
0.3333333333333333 0.9622504486493763 0.4750693897038934 0.4750693897038934
0.3333333333333333 1.1547005383792515 0.7611137964120475 0.7611137964120475
0.3333333333333333 1.3471506281091268 0.47506938970389284 0.47506938970389284
0.3333333333333333 1.539600717839002 0.021759184982955385 0.021759184982955385
0.3333333333333333 1.7320508075688772 0.024510835658004257 0.024510835658004257
0.3333333333333333 1.9245008972987525 0.021759184982955225 0.021759184982955225
0.3333333333333333 2.116950987028628 0.47506938970389356 0.47506938970389356
0.3333333333333333 2.309401076758503 0.7611137964120479 0.7611137964120479
0.4166666666666667 -2.309401076758503 0.19093508155175326 0.19093508155175326
0.4166666666666667 -2.116950987028628 0.0573224889562361 0.0573224889562361
0.4166666666666667 -1.9245008972987525 0.02520847188112653 0.02520847188112653
0.4166666666666667 -1.7320508075688772 0.02935557140142585 0.02935557140142585
0.4166666666666667 -1.539600717839002 0.025208471881126748 0.025208471881126748
0.4166666666666667 -1.3471506281091268 0.057322488956235915 0.057322488956235915
0.4166666666666667 -1.1547005383792515 0.19093508155175334 0.19093508155175334
0.4166666666666667 -0.9622504486493763 0.05732248895623572 0.05732248895623572
0.4166666666666667 -0.769800358919501 0.025208471881126866 0.025208471881126866
0.4166666666666667 -0.5773502691896257 0.029355571401426098 0.029355571401426098
0.4166666666666667 -0.3849001794597505 0.025208471881126716 0.025208471881126716
0.4166666666666667 -0.19245008972987526 0.05732248895623584 0.05732248895623584
0.4166666666666667 0.0 0.19093508155175296 0.19093508155175296
0.4166666666666667 0.19245008972987526 0.05732248895623588 0.05732248895623588
0.4166666666666667 0.3849001794597505 0.0252084718811267 0.0252084718811267
0.4166666666666667 0.5773502691896257 0.029355571401426004 0.029355571401426004
0.4166666666666667 0.769800358919501 0.025208471881126883 0.025208471881126883
0.4166666666666667 0.9622504486493763 0.057322488956235734 0.057322488956235734
0.4166666666666667 1.1547005383792515 0.19093508155175312 0.19093508155175312
0.4166666666666667 1.3471506281091268 0.05732248895623599 0.05732248895623599
0.4166666666666667 1.539600717839002 0.02520847188112672 0.02520847188112672
0.4166666666666667 1.7320508075688772 0.029355571401425733 0.029355571401425733
0.4166666666666667 1.9245008972987525 0.02520847188112641 0.02520847188112641
0.4166666666666667 2.116950987028628 0.05732248895623612 0.05732248895623612
0.4166666666666667 2.309401076758503 0.19093508155175332 0.19093508155175332
0.5 -2.309401076758503 0.04807141934628703 0.04807141934628703
0.5 -2.116950987028628 0.04202473854652192 0.04202473854652192
0.5 -1.9245008972987525 0.042024738546522014 0.042024738546522014
0.5 -1.7320508075688772 0.04807141934628711 0.04807141934628711
0.5 -1.539600717839002 0.04202473854652203 0.04202473854652203
0.5 -1.3471506281091268 0.04202473854652222 0.04202473854652222
0.5 -1.1547005383792515 0.04807141934628718 0.04807141934628718
0.5 -0.9622504486493763 0.04202473854652193 0.04202473854652193
0.5 -0.769800358919501 0.042024738546521945 0.042024738546521945
0.5 -0.5773502691896257 0.04807141934628728 0.04807141934628728
0.5 -0.3849001794597505 0.042024738546522035 0.042024738546522035
0.5 -0.19245008972987526 0.042024738546522104 0.042024738546522104
0.5 0.0 0.04807141934628721 0.04807141934628721
0.5 0.19245008972987526 0.04202473854652205 0.04202473854652205
0.5 0.3849001794597505 0.04202473854652194 0.04202473854652194
0.5 0.5773502691896257 0.04807141934628716 0.04807141934628716
0.5 0.769800358919501 0.04202473854652193 0.04202473854652193
0.5 0.9622504486493763 0.042024738546521924 0.042024738546521924
0.5 1.1547005383792515 0.04807141934628716 0.04807141934628716
0.5 1.3471506281091268 0.042024738546522264 0.042024738546522264
0.5 1.539600717839002 0.04202473854652189 0.04202473854652189
0.5 1.7320508075688772 0.04807141934628707 0.04807141934628707
0.5 1.9245008972987525 0.04202473854652196 0.04202473854652196
0.5 2.116950987028628 0.04202473854652201 0.04202473854652201
0.5 2.309401076758503 0.04807141934628707 0.04807141934628707
0.5833333333333334 -2.309401076758503 0.029355571401426236 0.029355571401426236
0.5833333333333334 -2.116950987028628 0.02520847188112718 0.02520847188112718
0.5833333333333334 -1.9245008972987525 0.05732248895623571 0.05732248895623571
0.5833333333333334 -1.7320508075688772 0.19093508155175332 0.19093508155175332
0.5833333333333334 -1.539600717839002 0.05732248895623596 0.05732248895623596
0.5833333333333334 -1.3471506281091268 0.025208471881126824 0.025208471881126824
0.5833333333333334 -1.1547005383792515 0.02935557140142592 0.02935557140142592
0.5833333333333334 -0.9622504486493763 0.02520847188112685 0.02520847188112685
0.5833333333333334 -0.769800358919501 0.05732248895623561 0.05732248895623561
0.5833333333333334 -0.5773502691896257 0.19093508155175282 0.19093508155175282
0.5833333333333334 -0.3849001794597505 0.057322488956235644 0.057322488956235644
0.5833333333333334 -0.19245008972987526 0.025208471881126765 0.025208471881126765
0.5833333333333334 0.0 0.02935557140142607 0.02935557140142607
0.5833333333333334 0.19245008972987526 0.025208471881126748 0.025208471881126748
0.5833333333333334 0.3849001794597505 0.05732248895623576 0.05732248895623576
0.5833333333333334 0.5773502691896257 0.19093508155175304 0.19093508155175304
0.5833333333333334 0.769800358919501 0.0573224889562357 0.0573224889562357
0.5833333333333334 0.9622504486493763 0.025208471881126883 0.025208471881126883
0.5833333333333334 1.1547005383792515 0.02935557140142604 0.02935557140142604
0.5833333333333334 1.3471506281091268 0.02520847188112682 0.02520847188112682
0.5833333333333334 1.539600717839002 0.05732248895623598 0.05732248895623598
0.5833333333333334 1.7320508075688772 0.19093508155175376 0.19093508155175376
0.5833333333333334 1.9245008972987525 0.05732248895623558 0.05732248895623558
0.5833333333333334 2.116950987028628 0.025208471881127126 0.025208471881127126
0.5833333333333334 2.309401076758503 0.029355571401426493 0.029355571401426493
0.6666666666666666 -2.309401076758503 0.024510835658003063 0.024510835658003063
0.6666666666666666 -2.116950987028628 0.021759184982955083 0.021759184982955083
0.6666666666666666 -1.9245008972987525 0.4750693897038921 0.4750693897038921
0.6666666666666666 -1.7320508075688772 0.7611137964120467 0.7611137964120467
0.6666666666666666 -1.539600717839002 0.47506938970389234 0.47506938970389234
0.6666666666666666 -1.3471506281091268 0.02175918498295476 0.02175918498295476
0.6666666666666666 -1.1547005383792515 0.02451083565800388 0.02451083565800388
0.6666666666666666 -0.9622504486493763 0.021759184982955062 0.021759184982955062
0.6666666666666666 -0.769800358919501 0.4750693897038921 0.4750693897038921
0.6666666666666666 -0.5773502691896257 0.7611137964120473 0.7611137964120473
0.6666666666666666 -0.3849001794597505 0.4750693897038925 0.4750693897038925
0.6666666666666666 -0.19245008972987526 0.021759184982955235 0.021759184982955235
0.6666666666666666 0.0 0.024510835658003792 0.024510835658003792
0.6666666666666666 0.19245008972987526 0.02175918498295516 0.02175918498295516
0.6666666666666666 0.3849001794597505 0.4750693897038923 0.4750693897038923
0.6666666666666666 0.5773502691896257 0.7611137964120479 0.7611137964120479
0.6666666666666666 0.769800358919501 0.4750693897038924 0.4750693897038924
0.6666666666666666 0.9622504486493763 0.02175918498295528 0.02175918498295528
0.6666666666666666 1.1547005383792515 0.02451083565800389 0.02451083565800389
0.6666666666666666 1.3471506281091268 0.02175918498295476 0.02175918498295476
0.6666666666666666 1.539600717839002 0.4750693897038923 0.4750693897038923
0.6666666666666666 1.7320508075688772 0.7611137964120472 0.7611137964120472
0.6666666666666666 1.9245008972987525 0.47506938970389223 0.47506938970389223
0.6666666666666666 2.116950987028628 0.021759184982955287 0.021759184982955287
0.6666666666666666 2.309401076758503 0.024510835658003053 0.024510835658003053
0.75 -2.309401076758503 0.01754932292424426 0.01754932292424426
0.75 -2.116950987028628 0.01646842724404117 0.01646842724404117
0.75 -1.9245008972987525 0.9130106889608843 0.9130106889608843
0.75 -1.7320508075688772 0.9430550289911827 0.9430550289911827
0.75 -1.539600717839002 0.9130106889608843 0.9130106889608843
0.75 -1.3471506281091268 0.016468427244040774 0.016468427244040774
0.75 -1.1547005383792515 0.017549322924244496 0.017549322924244496
0.75 -0.9622504486493763 0.016468427244041132 0.016468427244041132
0.75 -0.769800358919501 0.9130106889608841 0.9130106889608841
0.75 -0.5773502691896257 0.9430550289911827 0.9430550289911827
0.75 -0.3849001794597505 0.9130106889608843 0.9130106889608843
0.75 -0.19245008972987526 0.016468427244041052 0.016468427244041052
0.75 0.0 0.01754932292424434 0.01754932292424434
0.75 0.19245008972987526 0.016468427244041062 0.016468427244041062
0.75 0.3849001794597505 0.9130106889608846 0.9130106889608846
0.75 0.5773502691896257 0.9430550289911829 0.9430550289911829
0.75 0.769800358919501 0.9130106889608839 0.9130106889608839
0.75 0.9622504486493763 0.016468427244041163 0.016468427244041163
0.75 1.1547005383792515 0.017549322924244545 0.017549322924244545
0.75 1.3471506281091268 0.016468427244040795 0.016468427244040795
0.75 1.539600717839002 0.9130106889608848 0.9130106889608848
0.75 1.7320508075688772 0.9430550289911831 0.9430550289911831
0.75 1.9245008972987525 0.913010688960883 0.913010688960883
0.75 2.116950987028628 0.01646842724404123 0.01646842724404123
0.75 2.309401076758503 0.017549322924244267 0.017549322924244267
0.8333333333333334 -2.309401076758503 0.016161076250581302 0.016161076250581302
0.8333333333333334 -2.116950987028628 0.02423627625259205 0.02423627625259205
0.8333333333333334 -1.9245008972987525 0.9468996708546645 0.9468996708546645
0.8333333333333334 -1.7320508075688772 0.9577529575088265 0.9577529575088265
0.8333333333333334 -1.539600717839002 0.9468996708546661 0.9468996708546661
0.8333333333333334 -1.3471506281091268 0.02423627625259184 0.02423627625259184
0.8333333333333334 -1.1547005383792515 0.01616107625058118 0.01616107625058118
0.8333333333333334 -0.9622504486493763 0.02423627625259207 0.02423627625259207
0.8333333333333334 -0.769800358919501 0.9468996708546653 0.9468996708546653
0.8333333333333334 -0.5773502691896257 0.9577529575088267 0.9577529575088267
0.8333333333333334 -0.3849001794597505 0.9468996708546661 0.9468996708546661
0.8333333333333334 -0.19245008972987526 0.02423627625259172 0.02423627625259172
0.8333333333333334 0.0 0.016161076250581257 0.016161076250581257
0.8333333333333334 0.19245008972987526 0.024236276252591775 0.024236276252591775
0.8333333333333334 0.3849001794597505 0.9468996708546651 0.9468996708546651
0.8333333333333334 0.5773502691896257 0.9577529575088266 0.9577529575088266
0.8333333333333334 0.769800358919501 0.9468996708546661 0.9468996708546661
0.8333333333333334 0.9622504486493763 0.024236276252592042 0.024236276252592042
0.8333333333333334 1.1547005383792515 0.016161076250581184 0.016161076250581184
0.8333333333333334 1.3471506281091268 0.024236276252591848 0.024236276252591848
0.8333333333333334 1.539600717839002 0.9468996708546655 0.9468996708546655
0.8333333333333334 1.7320508075688772 0.9577529575088263 0.9577529575088263
0.8333333333333334 1.9245008972987525 0.9468996708546658 0.9468996708546658
0.8333333333333334 2.116950987028628 0.024236276252591976 0.024236276252591976
0.8333333333333334 2.309401076758503 0.016161076250581326 0.016161076250581326
0.9166666666666666 -2.309401076758503 0.015430613690432918 0.015430613690432918
0.9166666666666666 -2.116950987028628 0.22061891474213205 0.22061891474213205
0.9166666666666666 -1.9245008972987525 0.9626386348383771 0.9626386348383771
0.9166666666666666 -1.7320508075688772 0.9623254786607491 0.9623254786607491
0.9166666666666666 -1.539600717839002 0.9626386348383767 0.9626386348383767
0.9166666666666666 -1.3471506281091268 0.22061891474213272 0.22061891474213272
0.9166666666666666 -1.1547005383792515 0.015430613690433272 0.015430613690433272
0.9166666666666666 -0.9622504486493763 0.22061891474213222 0.22061891474213222
0.9166666666666666 -0.769800358919501 0.9626386348383766 0.9626386348383766
0.9166666666666666 -0.5773502691896257 0.9623254786607495 0.9623254786607495
0.9166666666666666 -0.3849001794597505 0.9626386348383761 0.9626386348383761
0.9166666666666666 -0.19245008972987526 0.2206189147421335 0.2206189147421335
0.9166666666666666 0.0 0.01543061369043322 0.01543061369043322
0.9166666666666666 0.19245008972987526 0.22061891474213297 0.22061891474213297
0.9166666666666666 0.3849001794597505 0.9626386348383764 0.9626386348383764
0.9166666666666666 0.5773502691896257 0.9623254786607492 0.9623254786607492
0.9166666666666666 0.769800358919501 0.9626386348383763 0.9626386348383763
0.9166666666666666 0.9622504486493763 0.2206189147421331 0.2206189147421331
0.9166666666666666 1.1547005383792515 0.015430613690433255 0.015430613690433255
0.9166666666666666 1.3471506281091268 0.2206189147421319 0.2206189147421319
0.9166666666666666 1.539600717839002 0.9626386348383766 0.9626386348383766
0.9166666666666666 1.7320508075688772 0.9623254786607496 0.9623254786607496
0.9166666666666666 1.9245008972987525 0.9626386348383765 0.9626386348383765
0.9166666666666666 2.116950987028628 0.2206189147421327 0.2206189147421327
0.9166666666666666 2.309401076758503 0.015430613690432953 0.015430613690432953
1.0 -2.309401076758503 0.013855015844894708 0.013855015844894708
1.0 -2.116950987028628 0.9104868909977729 0.9104868909977729
1.0 -1.9245008972987525 0.962087544637379 0.962087544637379
1.0 -1.7320508075688772 0.9690241262423442 0.9690241262423442
1.0 -1.539600717839002 0.9620875446373782 0.9620875446373782
1.0 -1.3471506281091268 0.9104868909977741 0.9104868909977741
1.0 -1.1547005383792515 0.013855015844894708 0.013855015844894708
1.0 -0.9622504486493763 0.9104868909977731 0.9104868909977731
1.0 -0.769800358919501 0.9620875446373781 0.9620875446373781
1.0 -0.5773502691896257 0.9690241262423442 0.9690241262423442
1.0 -0.3849001794597505 0.9620875446373783 0.9620875446373783
1.0 -0.19245008972987526 0.9104868909977738 0.9104868909977738
1.0 0.0 0.013855015844894708 0.013855015844894708
1.0 0.19245008972987526 0.9104868909977736 0.9104868909977736
1.0 0.3849001794597505 0.9620875446373783 0.9620875446373783
1.0 0.5773502691896257 0.9690241262423442 0.9690241262423442
1.0 0.769800358919501 0.9620875446373782 0.9620875446373782
1.0 0.9622504486493763 0.9104868909977732 0.9104868909977732
1.0 1.1547005383792515 0.013855015844894708 0.013855015844894708
1.0 1.3471506281091268 0.9104868909977745 0.9104868909977745
1.0 1.539600717839002 0.9620875446373781 0.9620875446373781
1.0 1.7320508075688772 0.9690241262423442 0.9690241262423442
1.0 1.9245008972987525 0.9620875446373789 0.9620875446373789
1.0 2.116950987028628 0.9104868909977729 0.9104868909977729
1.0 2.309401076758503 0.013855015844894708 0.013855015844894708
1.0833333333333333 -2.309401076758503 0.01543061369043252 0.01543061369043252
1.0833333333333333 -2.116950987028628 0.22061891474213466 0.22061891474213466
1.0833333333333333 -1.9245008972987525 0.9626386348383755 0.9626386348383755
1.0833333333333333 -1.7320508075688772 0.9623254786607498 0.9623254786607498
1.0833333333333333 -1.539600717839002 0.9626386348383762 0.9626386348383762
1.0833333333333333 -1.3471506281091268 0.22061891474213352 0.22061891474213352
1.0833333333333333 -1.1547005383792515 0.015430613690433068 0.015430613690433068
1.0833333333333333 -0.9622504486493763 0.22061891474213471 0.22061891474213471
1.0833333333333333 -0.769800358919501 0.9626386348383754 0.9626386348383754
1.0833333333333333 -0.5773502691896257 0.9623254786607504 0.9623254786607504
1.0833333333333333 -0.3849001794597505 0.9626386348383759 0.9626386348383759
1.0833333333333333 -0.19245008972987526 0.22061891474213388 0.22061891474213388
1.0833333333333333 0.0 0.015430613690432936 0.015430613690432936
1.0833333333333333 0.19245008972987526 0.22061891474213452 0.22061891474213452
1.0833333333333333 0.3849001794597505 0.9626386348383756 0.9626386348383756
1.0833333333333333 0.5773502691896257 0.9623254786607506 0.9623254786607506
1.0833333333333333 0.769800358919501 0.9626386348383756 0.9626386348383756
1.0833333333333333 0.9622504486493763 0.22061891474213374 0.22061891474213374
1.0833333333333333 1.1547005383792515 0.015430613690433012 0.015430613690433012
1.0833333333333333 1.3471506281091268 0.22061891474213427 0.22061891474213427
1.0833333333333333 1.539600717839002 0.9626386348383754 0.9626386348383754
1.0833333333333333 1.7320508075688772 0.9623254786607494 0.9623254786607494
1.0833333333333333 1.9245008972987525 0.9626386348383765 0.9626386348383765
1.0833333333333333 2.116950987028628 0.22061891474213388 0.22061891474213388
1.0833333333333333 2.309401076758503 0.015430613690432443 0.015430613690432443
1.1666666666666667 -2.309401076758503 0.016161076250581167 0.016161076250581167
1.1666666666666667 -2.116950987028628 0.024236276252591882 0.024236276252591882
1.1666666666666667 -1.9245008972987525 0.9468996708546653 0.9468996708546653
1.1666666666666667 -1.7320508075688772 0.9577529575088256 0.9577529575088256
1.1666666666666667 -1.539600717839002 0.9468996708546646 0.9468996708546646
1.1666666666666667 -1.3471506281091268 0.024236276252591633 0.024236276252591633
1.1666666666666667 -1.1547005383792515 0.016161076250580973 0.016161076250580973
1.1666666666666667 -0.9622504486493763 0.024236276252592004 0.024236276252592004
1.1666666666666667 -0.769800358919501 0.9468996708546655 0.9468996708546655
1.1666666666666667 -0.5773502691896257 0.9577529575088266 0.9577529575088266
1.1666666666666667 -0.3849001794597505 0.946899670854665 0.946899670854665
1.1666666666666667 -0.19245008972987526 0.0242362762525919 0.0242362762525919
1.1666666666666667 0.0 0.016161076250581184 0.016161076250581184
1.1666666666666667 0.19245008972987526 0.024236276252591858 0.024236276252591858
1.1666666666666667 0.3849001794597505 0.946899670854666 0.946899670854666
1.1666666666666667 0.5773502691896257 0.9577529575088262 0.9577529575088262
1.1666666666666667 0.769800358919501 0.9468996708546651 0.9468996708546651
1.1666666666666667 0.9622504486493763 0.02423627625259209 0.02423627625259209
1.1666666666666667 1.1547005383792515 0.016161076250580983 0.016161076250580983
1.1666666666666667 1.3471506281091268 0.024236276252591588 0.024236276252591588
1.1666666666666667 1.539600717839002 0.946899670854665 0.946899670854665
1.1666666666666667 1.7320508075688772 0.9577529575088263 0.9577529575088263
1.1666666666666667 1.9245008972987525 0.9468996708546641 0.9468996708546641
1.1666666666666667 2.116950987028628 0.02423627625259207 0.02423627625259207
1.1666666666666667 2.309401076758503 0.016161076250581143 0.016161076250581143
1.25 -2.309401076758503 0.017549322924244087 0.017549322924244087
1.25 -2.116950987028628 0.01646842724404133 0.01646842724404133
1.25 -1.9245008972987525 0.9130106889608834 0.9130106889608834
1.25 -1.7320508075688772 0.9430550289911834 0.9430550289911834
1.25 -1.539600717839002 0.9130106889608846 0.9130106889608846
1.25 -1.3471506281091268 0.01646842724404065 0.01646842724404065
1.25 -1.1547005383792515 0.017549322924244538 0.017549322924244538
1.25 -0.9622504486493763 0.016468427244040896 0.016468427244040896
1.25 -0.769800358919501 0.9130106889608839 0.9130106889608839
1.25 -0.5773502691896257 0.943055028991183 0.943055028991183
1.25 -0.3849001794597505 0.9130106889608848 0.9130106889608848
1.25 -0.19245008972987526 0.01646842724404075 0.01646842724404075
1.25 0.0 0.017549322924244375 0.017549322924244375
1.25 0.19245008972987526 0.01646842724404077 0.01646842724404077
1.25 0.3849001794597505 0.9130106889608841 0.9130106889608841
1.25 0.5773502691896257 0.9430550289911831 0.9430550289911831
1.25 0.769800358919501 0.9130106889608841 0.9130106889608841
1.25 0.9622504486493763 0.016468427244040858 0.016468427244040858
1.25 1.1547005383792515 0.017549322924244493 0.017549322924244493
1.25 1.3471506281091268 0.016468427244040695 0.016468427244040695
1.25 1.539600717839002 0.9130106889608842 0.9130106889608842
1.25 1.7320508075688772 0.9430550289911829 0.9430550289911829
1.25 1.9245008972987525 0.9130106889608841 0.9130106889608841
1.25 2.116950987028628 0.0164684272440413 0.0164684272440413
1.25 2.309401076758503 0.01754932292424401 0.01754932292424401
1.3333333333333333 -2.309401076758503 0.02451083565800336 0.02451083565800336
1.3333333333333333 -2.116950987028628 0.021759184982955537 0.021759184982955537
1.3333333333333333 -1.9245008972987525 0.47506938970389434 0.47506938970389434
1.3333333333333333 -1.7320508075688772 0.7611137964120487 0.7611137964120487
1.3333333333333333 -1.539600717839002 0.47506938970389445 0.47506938970389445
1.3333333333333333 -1.3471506281091268 0.021759184982954826 0.021759184982954826
1.3333333333333333 -1.1547005383792515 0.024510835658003886 0.024510835658003886
1.3333333333333333 -0.9622504486493763 0.02175918498295523 0.02175918498295523
1.3333333333333333 -0.769800358919501 0.4750693897038946 0.4750693897038946
1.3333333333333333 -0.5773502691896257 0.7611137964120492 0.7611137964120492
1.3333333333333333 -0.3849001794597505 0.47506938970389445 0.47506938970389445
1.3333333333333333 -0.19245008972987526 0.021759184982955183 0.021759184982955183
1.3333333333333333 0.0 0.024510835658003553 0.024510835658003553
1.3333333333333333 0.19245008972987526 0.02175918498295521 0.02175918498295521
1.3333333333333333 0.3849001794597505 0.4750693897038944 0.4750693897038944
1.3333333333333333 0.5773502691896257 0.7611137964120489 0.7611137964120489
1.3333333333333333 0.769800358919501 0.4750693897038942 0.4750693897038942
1.3333333333333333 0.9622504486493763 0.021759184982955038 0.021759184982955038
1.3333333333333333 1.1547005383792515 0.024510835658003872 0.024510835658003872
1.3333333333333333 1.3471506281091268 0.02175918498295481 0.02175918498295481
1.3333333333333333 1.539600717839002 0.47506938970389456 0.47506938970389456
1.3333333333333333 1.7320508075688772 0.7611137964120482 0.7611137964120482
1.3333333333333333 1.9245008972987525 0.47506938970389456 0.47506938970389456
1.3333333333333333 2.116950987028628 0.021759184982955277 0.021759184982955277
1.3333333333333333 2.309401076758503 0.02451083565800341 0.02451083565800341
1.4166666666666667 -2.309401076758503 0.02935557140142669 0.02935557140142669
1.4166666666666667 -2.116950987028628 0.025208471881126675 0.025208471881126675
1.4166666666666667 -1.9245008972987525 0.057322488956236074 0.057322488956236074
1.4166666666666667 -1.7320508075688772 0.19093508155175362 0.19093508155175362
1.4166666666666667 -1.539600717839002 0.057322488956236116 0.057322488956236116
1.4166666666666667 -1.3471506281091268 0.025208471881126595 0.025208471881126595
1.4166666666666667 -1.1547005383792515 0.029355571401425935 0.029355571401425935
1.4166666666666667 -0.9622504486493763 0.025208471881126834 0.025208471881126834
1.4166666666666667 -0.769800358919501 0.057322488956236206 0.057322488956236206
1.4166666666666667 -0.5773502691896257 0.19093508155175315 0.19093508155175315
1.4166666666666667 -0.3849001794597505 0.057322488956236116 0.057322488956236116
1.4166666666666667 -0.19245008972987526 0.02520847188112695 0.02520847188112695
1.4166666666666667 0.0 0.029355571401426098 0.029355571401426098
1.4166666666666667 0.19245008972987526 0.02520847188112699 0.02520847188112699
1.4166666666666667 0.3849001794597505 0.057322488956236074 0.057322488956236074
1.4166666666666667 0.5773502691896257 0.19093508155175287 0.19093508155175287
1.4166666666666667 0.769800358919501 0.05732248895623619 0.05732248895623619
1.4166666666666667 0.9622504486493763 0.025208471881126775 0.025208471881126775
1.4166666666666667 1.1547005383792515 0.029355571401425782 0.029355571401425782
1.4166666666666667 1.3471506281091268 0.025208471881126574 0.025208471881126574
1.4166666666666667 1.539600717839002 0.05732248895623612 0.05732248895623612
1.4166666666666667 1.7320508075688772 0.1909350815517534 0.1909350815517534
1.4166666666666667 1.9245008972987525 0.05732248895623613 0.05732248895623613
1.4166666666666667 2.116950987028628 0.02520847188112676 0.02520847188112676
1.4166666666666667 2.309401076758503 0.0293555714014264 0.0293555714014264
1.5 -2.309401076758503 0.04807141934628715 0.04807141934628715
1.5 -2.116950987028628 0.04202473854652242 0.04202473854652242
1.5 -1.9245008972987525 0.042024738546522 0.042024738546522
1.5 -1.7320508075688772 0.048071419346286774 0.048071419346286774
1.5 -1.539600717839002 0.04202473854652218 0.04202473854652218
1.5 -1.3471506281091268 0.04202473854652205 0.04202473854652205
1.5 -1.1547005383792515 0.048071419346286996 0.048071419346286996
1.5 -0.9622504486493763 0.04202473854652192 0.04202473854652192
1.5 -0.769800358919501 0.0420247385465221 0.0420247385465221
1.5 -0.5773502691896257 0.04807141934628724 0.04807141934628724
1.5 -0.3849001794597505 0.04202473854652159 0.04202473854652159
1.5 -0.19245008972987526 0.04202473854652166 0.04202473854652166
1.5 0.0 0.04807141934628738 0.04807141934628738
1.5 0.19245008972987526 0.04202473854652169 0.04202473854652169
1.5 0.3849001794597505 0.042024738546521646 0.042024738546521646
1.5 0.5773502691896257 0.04807141934628726 0.04807141934628726
1.5 0.769800358919501 0.04202473854652196 0.04202473854652196
1.5 0.9622504486493763 0.04202473854652182 0.04202473854652182
1.5 1.1547005383792515 0.04807141934628689 0.04807141934628689
1.5 1.3471506281091268 0.04202473854652215 0.04202473854652215
1.5 1.539600717839002 0.042024738546522215 0.042024738546522215
1.5 1.7320508075688772 0.04807141934628682 0.04807141934628682
1.5 1.9245008972987525 0.04202473854652206 0.04202473854652206
1.5 2.116950987028628 0.04202473854652228 0.04202473854652228
1.5 2.309401076758503 0.04807141934628703 0.04807141934628703
1.5833333333333333 -2.309401076758503 0.19093508155175265 0.19093508155175265
1.5833333333333333 -2.116950987028628 0.0573224889562363 0.0573224889562363
1.5833333333333333 -1.9245008972987525 0.02520847188112657 0.02520847188112657
1.5833333333333333 -1.7320508075688772 0.029355571401425317 0.029355571401425317
1.5833333333333333 -1.539600717839002 0.025208471881126154 0.025208471881126154
1.5833333333333333 -1.3471506281091268 0.05732248895623616 0.05732248895623616
1.5833333333333333 -1.1547005383792515 0.190935081551753 0.190935081551753
1.5833333333333333 -0.9622504486493763 0.05732248895623637 0.05732248895623637
1.5833333333333333 -0.769800358919501 0.02520847188112641 0.02520847188112641
1.5833333333333333 -0.5773502691896257 0.029355571401426122 0.029355571401426122
1.5833333333333333 -0.3849001794597505 0.025208471881126474 0.025208471881126474
1.5833333333333333 -0.19245008972987526 0.05732248895623636 0.05732248895623636
1.5833333333333333 0.0 0.1909350815517526 0.1909350815517526
1.5833333333333333 0.19245008972987526 0.057322488956236387 0.057322488956236387
1.5833333333333333 0.3849001794597505 0.025208471881126498 0.025208471881126498
1.5833333333333333 0.5773502691896257 0.029355571401426146 0.029355571401426146
1.5833333333333333 0.769800358919501 0.025208471881126435 0.025208471881126435
1.5833333333333333 0.9622504486493763 0.057322488956236185 0.057322488956236185
1.5833333333333333 1.1547005383792515 0.1909350815517534 0.1909350815517534
1.5833333333333333 1.3471506281091268 0.05732248895623614 0.05732248895623614
1.5833333333333333 1.539600717839002 0.025208471881126213 0.025208471881126213
1.5833333333333333 1.7320508075688772 0.02935557140142544 0.02935557140142544
1.5833333333333333 1.9245008972987525 0.025208471881126703 0.025208471881126703
1.5833333333333333 2.116950987028628 0.05732248895623614 0.05732248895623614
1.5833333333333333 2.309401076758503 0.19093508155175262 0.19093508155175262
1.6666666666666667 -2.309401076758503 0.7611137964120472 0.7611137964120472
1.6666666666666667 -2.116950987028628 0.47506938970389295 0.47506938970389295
1.6666666666666667 -1.9245008972987525 0.021759184982954365 0.021759184982954365
1.6666666666666667 -1.7320508075688772 0.0245108356580041 0.0245108356580041
1.6666666666666667 -1.539600717839002 0.02175918498295507 0.02175918498295507
1.6666666666666667 -1.3471506281091268 0.47506938970389295 0.47506938970389295
1.6666666666666667 -1.1547005383792515 0.7611137964120479 0.7611137964120479
1.6666666666666667 -0.9622504486493763 0.475069389703893 0.475069389703893
1.6666666666666667 -0.769800358919501 0.02175918498295501 0.02175918498295501
1.6666666666666667 -0.5773502691896257 0.024510835658003688 0.024510835658003688
1.6666666666666667 -0.3849001794597505 0.021759184982955027 0.021759184982955027
1.6666666666666667 -0.19245008972987526 0.4750693897038934 0.4750693897038934
1.6666666666666667 0.0 0.7611137964120478 0.7611137964120478
1.6666666666666667 0.19245008972987526 0.4750693897038936 0.4750693897038936
1.6666666666666667 0.3849001794597505 0.021759184982955142 0.021759184982955142
1.6666666666666667 0.5773502691896257 0.024510835658003678 0.024510835658003678
1.6666666666666667 0.769800358919501 0.021759184982954993 0.021759184982954993
1.6666666666666667 0.9622504486493763 0.4750693897038931 0.4750693897038931
1.6666666666666667 1.1547005383792515 0.7611137964120487 0.7611137964120487
1.6666666666666667 1.3471506281091268 0.4750693897038935 0.4750693897038935
1.6666666666666667 1.539600717839002 0.021759184982955218 0.021759184982955218
1.6666666666666667 1.7320508075688772 0.024510835658004056 0.024510835658004056
1.6666666666666667 1.9245008972987525 0.02175918498295444 0.02175918498295444
1.6666666666666667 2.116950987028628 0.4750693897038927 0.4750693897038927
1.6666666666666667 2.309401076758503 0.7611137964120479 0.7611137964120479
1.75 -2.309401076758503 0.9430550289911829 0.9430550289911829
1.75 -2.116950987028628 0.9130106889608833 0.9130106889608833
1.75 -1.9245008972987525 0.016468427244040417 0.016468427244040417
1.75 -1.7320508075688772 0.01754932292424447 0.01754932292424447
1.75 -1.539600717839002 0.016468427244041 0.016468427244041
1.75 -1.3471506281091268 0.9130106889608843 0.9130106889608843
1.75 -1.1547005383792515 0.9430550289911831 0.9430550289911831
1.75 -0.9622504486493763 0.9130106889608842 0.9130106889608842
1.75 -0.769800358919501 0.016468427244041278 0.016468427244041278
1.75 -0.5773502691896257 0.017549322924244555 0.017549322924244555
1.75 -0.3849001794597505 0.016468427244041184 0.016468427244041184
1.75 -0.19245008972987526 0.9130106889608843 0.9130106889608843
1.75 0.0 0.9430550289911824 0.9430550289911824
1.75 0.19245008972987526 0.9130106889608841 0.9130106889608841
1.75 0.3849001794597505 0.016468427244041208 0.016468427244041208
1.75 0.5773502691896257 0.017549322924244583 0.017549322924244583
1.75 0.769800358919501 0.01646842724404124 0.01646842724404124
1.75 0.9622504486493763 0.9130106889608848 0.9130106889608848
1.75 1.1547005383792515 0.943055028991183 0.943055028991183
1.75 1.3471506281091268 0.9130106889608839 0.9130106889608839
1.75 1.539600717839002 0.016468427244041014 0.016468427244041014
1.75 1.7320508075688772 0.01754932292424445 0.01754932292424445
1.75 1.9245008972987525 0.01646842724404045 0.01646842724404045
1.75 2.116950987028628 0.9130106889608841 0.9130106889608841
1.75 2.309401076758503 0.943055028991183 0.943055028991183
1.8333333333333333 -2.309401076758503 0.9577529575088254 0.9577529575088254
1.8333333333333333 -2.116950987028628 0.9468996708546649 0.9468996708546649
1.8333333333333333 -1.9245008972987525 0.024236276252592007 0.024236276252592007
1.8333333333333333 -1.7320508075688772 0.01616107625058081 0.01616107625058081
1.8333333333333333 -1.539600717839002 0.024236276252591823 0.024236276252591823
1.8333333333333333 -1.3471506281091268 0.9468996708546642 0.9468996708546642
1.8333333333333333 -1.1547005383792515 0.9577529575088259 0.9577529575088259
1.8333333333333333 -0.9622504486493763 0.9468996708546646 0.9468996708546646
1.8333333333333333 -0.769800358919501 0.02423627625259221 0.02423627625259221
1.8333333333333333 -0.5773502691896257 0.016161076250581243 0.016161076250581243
1.8333333333333333 -0.3849001794597505 0.02423627625259207 0.02423627625259207
1.8333333333333333 -0.19245008972987526 0.9468996708546635 0.9468996708546635
1.8333333333333333 0.0 0.9577529575088262 0.9577529575088262
1.8333333333333333 0.19245008972987526 0.9468996708546643 0.9468996708546643
1.8333333333333333 0.3849001794597505 0.024236276252592007 0.024236276252592007
1.8333333333333333 0.5773502691896257 0.016161076250581285 0.016161076250581285
1.8333333333333333 0.769800358919501 0.024236276252592306 0.024236276252592306
1.8333333333333333 0.9622504486493763 0.9468996708546639 0.9468996708546639
1.8333333333333333 1.1547005383792515 0.9577529575088256 0.9577529575088256
1.8333333333333333 1.3471506281091268 0.9468996708546649 0.9468996708546649
1.8333333333333333 1.539600717839002 0.02423627625259175 0.02423627625259175
1.8333333333333333 1.7320508075688772 0.01616107625058086 0.01616107625058086
1.8333333333333333 1.9245008972987525 0.024236276252592146 0.024236276252592146
1.8333333333333333 2.116950987028628 0.9468996708546641 0.9468996708546641
1.8333333333333333 2.309401076758503 0.9577529575088253 0.9577529575088253
1.9166666666666667 -2.309401076758503 0.9623254786607505 0.9623254786607505
1.9166666666666667 -2.116950987028628 0.962638634838376 0.962638634838376
1.9166666666666667 -1.9245008972987525 0.22061891474213413 0.22061891474213413
1.9166666666666667 -1.7320508075688772 0.015430613690432669 0.015430613690432669
1.9166666666666667 -1.539600717839002 0.2206189147421325 0.2206189147421325
1.9166666666666667 -1.3471506281091268 0.962638634838376 0.962638634838376
1.9166666666666667 -1.1547005383792515 0.9623254786607498 0.9623254786607498
1.9166666666666667 -0.9622504486493763 0.9626386348383764 0.9626386348383764
1.9166666666666667 -0.769800358919501 0.22061891474213347 0.22061891474213347
1.9166666666666667 -0.5773502691896257 0.01543061369043288 0.01543061369043288
1.9166666666666667 -0.3849001794597505 0.2206189147421322 0.2206189147421322
1.9166666666666667 -0.19245008972987526 0.9626386348383766 0.9626386348383766
1.9166666666666667 0.0 0.9623254786607504 0.9623254786607504
1.9166666666666667 0.19245008972987526 0.9626386348383765 0.9626386348383765
1.9166666666666667 0.3849001794597505 0.22061891474213316 0.22061891474213316
1.9166666666666667 0.5773502691896257 0.015430613690432901 0.015430613690432901
1.9166666666666667 0.769800358919501 0.22061891474213277 0.22061891474213277
1.9166666666666667 0.9622504486493763 0.9626386348383767 0.9626386348383767
1.9166666666666667 1.1547005383792515 0.96232547866075 0.96232547866075
1.9166666666666667 1.3471506281091268 0.9626386348383758 0.9626386348383758
1.9166666666666667 1.539600717839002 0.22061891474213338 0.22061891474213338
1.9166666666666667 1.7320508075688772 0.015430613690432766 0.015430613690432766
1.9166666666666667 1.9245008972987525 0.22061891474213333 0.22061891474213333
1.9166666666666667 2.116950987028628 0.9626386348383763 0.9626386348383763
1.9166666666666667 2.309401076758503 0.9623254786607508 0.9623254786607508
2.0 -2.309401076758503 0.9690241262423442 0.9690241262423442
2.0 -2.116950987028628 0.962087544637378 0.962087544637378
2.0 -1.9245008972987525 0.9104868909977735 0.9104868909977735
2.0 -1.7320508075688772 0.013855015844894708 0.013855015844894708
2.0 -1.539600717839002 0.9104868909977732 0.9104868909977732
2.0 -1.3471506281091268 0.962087544637379 0.962087544637379
2.0 -1.1547005383792515 0.9690241262423442 0.9690241262423442
2.0 -0.9622504486493763 0.9620875446373787 0.9620875446373787
2.0 -0.769800358919501 0.9104868909977737 0.9104868909977737
2.0 -0.5773502691896257 0.013855015844894708 0.013855015844894708
2.0 -0.3849001794597505 0.9104868909977737 0.9104868909977737
2.0 -0.19245008972987526 0.9620875446373781 0.9620875446373781
2.0 0.0 0.9690241262423442 0.9690241262423442
2.0 0.19245008972987526 0.9620875446373779 0.9620875446373779
2.0 0.3849001794597505 0.910486890997774 0.910486890997774
2.0 0.5773502691896257 0.013855015844894708 0.013855015844894708
2.0 0.769800358919501 0.9104868909977742 0.9104868909977742
2.0 0.9622504486493763 0.9620875446373787 0.9620875446373787
2.0 1.1547005383792515 0.9690241262423442 0.9690241262423442
2.0 1.3471506281091268 0.9620875446373794 0.9620875446373794
2.0 1.539600717839002 0.910486890997773 0.910486890997773
2.0 1.7320508075688772 0.013855015844894708 0.013855015844894708
2.0 1.9245008972987525 0.9104868909977739 0.9104868909977739
2.0 2.116950987028628 0.9620875446373782 0.9620875446373782
2.0 2.309401076758503 0.9690241262423442 0.9690241262423442
