-2.0 -2.309401076758503 0.5555188246895832 0.5555242948729175
-2.0 -2.116950987028628 0.5548895572697915 0.5548957088743754
-2.0 -1.9245008972987525 0.4998485523177085 0.4998204968297911
-2.0 -1.7320508075688772 0.34450321503541625 0.34449885259375
-2.0 -1.539600717839002 0.49984855231770847 0.49982049682979135
-2.0 -1.3471506281091268 0.5548895572697919 0.5548957088743754
-2.0 -1.1547005383792515 0.5555188246895832 0.5555242948729175
-2.0 -0.9622504486493763 0.5548895572697917 0.5548957088743758
-2.0 -0.769800358919501 0.49984855231770836 0.4998204968297911
-2.0 -0.5773502691896257 0.34450321503541625 0.34449885259375
-2.0 -0.3849001794597505 0.49984855231770836 0.49982049682979146
-2.0 -0.19245008972987526 0.5548895572697918 0.5548957088743754
-2.0 0.0 0.5555188246895832 0.5555242948729175
-2.0 0.19245008972987526 0.5548895572697917 0.5548957088743758
-2.0 0.3849001794597505 0.4998485523177083 0.4998204968297911
-2.0 0.5773502691896257 0.34450321503541625 0.34449885259375
-2.0 0.769800358919501 0.49984855231770825 0.49982049682979124
-2.0 0.9622504486493763 0.5548895572697919 0.5548957088743756
-2.0 1.1547005383792515 0.5555188246895832 0.5555242948729175
-2.0 1.3471506281091268 0.5548895572697922 0.5548957088743758
-2.0 1.539600717839002 0.4998485523177084 0.49982049682979124
-2.0 1.7320508075688772 0.34450321503541625 0.34449885259375
-2.0 1.9245008972987525 0.49984855231770836 0.4998204968297909
-2.0 2.116950987028628 0.5548895572697918 0.5548957088743756
-2.0 2.309401076758503 0.5555188246895832 0.5555242948729175
-1.9166666666666667 -2.309401076758503 0.5553462753785915 0.5553509167931806
-1.9166666666666667 -2.116950987028628 0.5538124805978788 0.5538165407092978
-1.9166666666666667 -1.9245008972987525 0.48896093697153625 0.48895814916558245
-1.9166666666666667 -1.7320508075688772 0.33288463595206136 0.33288854061814077
-1.9166666666666667 -1.539600717839002 0.4889901349781455 0.48898684887453214
-1.9166666666666667 -1.3471506281091268 0.5538116342194805 0.5538158764624705
-1.9166666666666667 -1.1547005383792515 0.5553462753785916 0.5553509167931807
-1.9166666666666667 -0.9622504486493763 0.5538124805978786 0.5538165407092978
-1.9166666666666667 -0.769800358919501 0.488960936971536 0.48895814916558233
-1.9166666666666667 -0.5773502691896257 0.33288463595206114 0.33288854061814066
-1.9166666666666667 -0.3849001794597505 0.4889901349781455 0.48898684887453225
-1.9166666666666667 -0.19245008972987526 0.5538116342194807 0.5538158764624703
-1.9166666666666667 0.0 0.5553462753785917 0.5553509167931808
-1.9166666666666667 0.19245008972987526 0.5538124805978786 0.5538165407092976
-1.9166666666666667 0.3849001794597505 0.48896093697153586 0.4889581491655819
-1.9166666666666667 0.5773502691896257 0.332884635952061 0.33288854061814066
-1.9166666666666667 0.769800358919501 0.4889901349781456 0.4889868488745327
-1.9166666666666667 0.9622504486493763 0.5538116342194808 0.5538158764624708
-1.9166666666666667 1.1547005383792515 0.5553462753785917 0.5553509167931808
-1.9166666666666667 1.3471506281091268 0.5538124805978785 0.5538165407092978
-1.9166666666666667 1.539600717839002 0.4889609369715358 0.4889581491655819
-1.9166666666666667 1.7320508075688772 0.33288463595206125 0.33288854061814055
-1.9166666666666667 1.9245008972987525 0.48899013497814536 0.4889868488745327
-1.9166666666666667 2.116950987028628 0.5538116342194808 0.5538158764624707
-1.9166666666666667 2.309401076758503 0.5553462753785913 0.5553509167931809
-1.8333333333333333 -2.309401076758503 0.5533364997103677 0.5533413858781348
-1.8333333333333333 -2.116950987028628 0.5490505833147055 0.549049402519373
-1.8333333333333333 -1.9245008972987525 0.43959900960483966 0.4396132632415154
-1.8333333333333333 -1.7320508075688772 0.30535484406879837 0.30535800561769755
-1.8333333333333333 -1.539600717839002 0.4396553622019627 0.43966938008895906
-1.8333333333333333 -1.3471506281091268 0.5490590471743272 0.5490580113793174
-1.8333333333333333 -1.1547005383792515 0.5533364997103678 0.5533413858781349
-1.8333333333333333 -0.9622504486493763 0.5490505833147058 0.5490494025193732
-1.8333333333333333 -0.769800358919501 0.4395990096048399 0.4396132632415155
-1.8333333333333333 -0.5773502691896257 0.30535484406879826 0.30535800561769744
-1.8333333333333333 -0.3849001794597505 0.4396553622019625 0.43966938008895906
-1.8333333333333333 -0.19245008972987526 0.5490590471743273 0.5490580113793173
-1.8333333333333333 0.0 0.5533364997103677 0.5533413858781346
-1.8333333333333333 0.19245008972987526 0.5490505833147057 0.5490494025193731
-1.8333333333333333 0.3849001794597505 0.43959900960483983 0.4396132632415152
-1.8333333333333333 0.5773502691896257 0.3053548440687982 0.30535800561769755
-1.8333333333333333 0.769800358919501 0.4396553622019626 0.4396693800889594
-1.8333333333333333 0.9622504486493763 0.5490590471743275 0.5490580113793174
-1.8333333333333333 1.1547005383792515 0.5533364997103677 0.5533413858781348
-1.8333333333333333 1.3471506281091268 0.5490505833147056 0.5490494025193733
-1.8333333333333333 1.539600717839002 0.43959900960483994 0.4396132632415153
-1.8333333333333333 1.7320508075688772 0.3053548440687981 0.3053580056176973
-1.8333333333333333 1.9245008972987525 0.4396553622019625 0.4396693800889594
-1.8333333333333333 2.116950987028628 0.5490590471743274 0.5490580113793173
-1.8333333333333333 2.309401076758503 0.5533364997103676 0.5533413858781348
-1.75 -2.309401076758503 0.5482981163613607 0.5482984163959298
-1.75 -2.116950987028628 0.5345123657308162 0.5345083627249452
-1.75 -1.9245008972987525 0.36933604876122456 0.3693403475816053
-1.75 -1.7320508075688772 0.2826601198303072 0.2826594540124038
-1.75 -1.539600717839002 0.3693983523221728 0.3694042120152239
-1.75 -1.3471506281091268 0.5345610418191195 0.5345570419948935
-1.75 -1.1547005383792515 0.5482981163613606 0.5482984163959298
-1.75 -0.9622504486493763 0.5345123657308165 0.5345083627249452
-1.75 -0.769800358919501 0.3693360487612247 0.3693403475816053
-1.75 -0.5773502691896257 0.28266011983030725 0.2826594540124038
-1.75 -0.3849001794597505 0.3693983523221728 0.369404212015224
-1.75 -0.19245008972987526 0.5345610418191195 0.5345570419948931
-1.75 0.0 0.5482981163613604 0.5482984163959297
-1.75 0.19245008972987526 0.5345123657308162 0.5345083627249453
-1.75 0.3849001794597505 0.3693360487612246 0.36934034758160517
-1.75 0.5773502691896257 0.28266011983030737 0.2826594540124039
-1.75 0.769800358919501 0.3693983523221729 0.369404212015224
-1.75 0.9622504486493763 0.5345610418191196 0.5345570419948931
-1.75 1.1547005383792515 0.5482981163613599 0.5482984163959296
-1.75 1.3471506281091268 0.534512365730816 0.5345083627249454
-1.75 1.539600717839002 0.3693360487612245 0.36934034758160517
-1.75 1.7320508075688772 0.2826601198303074 0.2826594540124038
-1.75 1.9245008972987525 0.36939835232217244 0.369404212015224
-1.75 2.116950987028628 0.5345610418191199 0.5345570419948926
-1.75 2.309401076758503 0.5482981163613599 0.5482984163959297
-1.6666666666666667 -2.309401076758503 0.5363816135460419 0.5363928626281254
-1.6666666666666667 -2.116950987028628 0.4939740663677088 0.4939864564697912
-1.6666666666666667 -1.9245008972987525 0.33156164922166564 0.33157046443500016
-1.6666666666666667 -1.7320508075688772 0.2731841191164584 0.2731891029510418
-1.6666666666666667 -1.539600717839002 0.3315374662947918 0.33154655748437456
-1.6666666666666667 -1.3471506281091268 0.49409715870333315 0.4941094647816676
-1.6666666666666667 -1.1547005383792515 0.5363816135460421 0.5363928626281256
-1.6666666666666667 -0.9622504486493763 0.49397406636770863 0.49398645646979145
-1.6666666666666667 -0.769800358919501 0.331561649221666 0.3315704644350004
-1.6666666666666667 -0.5773502691896257 0.2731841191164582 0.2731891029510416
-1.6666666666666667 -0.3849001794597505 0.3315374662947917 0.33154655748437467
-1.6666666666666667 -0.19245008972987526 0.49409715870333326 0.4941094647816672
-1.6666666666666667 0.0 0.5363816135460422 0.5363928626281254
-1.6666666666666667 0.19245008972987526 0.49397406636770863 0.4939864564697912
-1.6666666666666667 0.3849001794597505 0.331561649221666 0.33157046443500027
-1.6666666666666667 0.5773502691896257 0.2731841191164583 0.2731891029510415
-1.6666666666666667 0.769800358919501 0.3315374662947918 0.33154655748437467
-1.6666666666666667 0.9622504486493763 0.49409715870333315 0.4941094647816672
-1.6666666666666667 1.1547005383792515 0.536381613546042 0.5363928626281249
-1.6666666666666667 1.3471506281091268 0.4939740663677084 0.4939864564697911
-1.6666666666666667 1.539600717839002 0.33156164922166603 0.3315704644350004
-1.6666666666666667 1.7320508075688772 0.27318411911645835 0.2731891029510415
-1.6666666666666667 1.9245008972987525 0.3315374662947916 0.33154655748437445
-1.6666666666666667 2.116950987028628 0.49409715870333343 0.4941094647816673
-1.6666666666666667 2.309401076758503 0.5363816135460417 0.5363928626281249
-1.5833333333333333 -2.309401076758503 0.4567406316806576 0.45674912505796694
-1.5833333333333333 -2.116950987028628 0.4230902353827738 0.4231109457843678
-1.5833333333333333 -1.9245008972987525 0.32963483876653005 0.3296458849498538
-1.5833333333333333 -1.7320508075688772 0.28624936754702124 0.2862550041223768
-1.5833333333333333 -1.539600717839002 0.3294975329845443 0.32950774442924513
-1.5833333333333333 -1.3471506281091268 0.4232077962157806 0.4232284505579852
-1.5833333333333333 -1.1547005383792515 0.4567406316806576 0.45674912505796694
-1.5833333333333333 -0.9622504486493763 0.4230902353827741 0.4231109457843679
-1.5833333333333333 -0.769800358919501 0.32963483876653027 0.3296458849498535
-1.5833333333333333 -0.5773502691896257 0.28624936754702146 0.28625500412237703
-1.5833333333333333 -0.3849001794597505 0.3294975329845441 0.32950774442924513
-1.5833333333333333 -0.19245008972987526 0.4232077962157807 0.42322845055798497
-1.5833333333333333 0.0 0.4567406316806577 0.45674912505796683
-1.5833333333333333 0.19245008972987526 0.4230902353827739 0.42311094578436814
-1.5833333333333333 0.3849001794597505 0.32963483876653027 0.3296458849498536
-1.5833333333333333 0.5773502691896257 0.28624936754702146 0.28625500412237703
-1.5833333333333333 0.769800358919501 0.3294975329845441 0.3295077444292449
-1.5833333333333333 0.9622504486493763 0.42320779621578036 0.4232284505579845
-1.5833333333333333 1.1547005383792515 0.4567406316806579 0.45674912505796683
-1.5833333333333333 1.3471506281091268 0.4230902353827737 0.42311094578436814
-1.5833333333333333 1.539600717839002 0.32963483876653027 0.3296458849498539
-1.5833333333333333 1.7320508075688772 0.2862493675470211 0.2862550041223769
-1.5833333333333333 1.9245008972987525 0.3294975329845442 0.329507744429245
-1.5833333333333333 2.116950987028628 0.4232077962157805 0.4232284505579844
-1.5833333333333333 2.309401076758503 0.4567406316806579 0.4567491250579666
-1.5 -2.309401076758503 0.33353356994583344 0.3335527636916663
-1.5 -2.116950987028628 0.3609432296355904 0.3609494524926645
-1.5 -1.9245008972987525 0.3609432296355902 0.3609494524926645
-1.5 -1.7320508075688772 0.33353356994583344 0.3335527636916664
-1.5 -1.539600717839002 0.36087585614357726 0.36088153465316797
-1.5 -1.3471506281091268 0.360875856143577 0.3608815346531681
-1.5 -1.1547005383792515 0.33353356994583344 0.3335527636916664
-1.5 -0.9622504486493763 0.3609432296355903 0.3609494524926645
-1.5 -0.769800358919501 0.36094322963559033 0.36094945249266464
-1.5 -0.5773502691896257 0.33353356994583355 0.3335527636916664
-1.5 -0.3849001794597505 0.36087585614357715 0.36088153465316786
-1.5 -0.19245008972987526 0.3608758561435771 0.36088153465316763
-1.5 0.0 0.33353356994583355 0.3335527636916664
-1.5 0.19245008972987526 0.3609432296355902 0.3609494524926643
-1.5 0.3849001794597505 0.3609432296355904 0.3609494524926645
-1.5 0.5773502691896257 0.33353356994583355 0.3335527636916664
-1.5 0.769800358919501 0.3608758561435772 0.36088153465316786
-1.5 0.9622504486493763 0.3608758561435769 0.36088153465316775
-1.5 1.1547005383792515 0.33353356994583344 0.3335527636916664
-1.5 1.3471506281091268 0.3609432296355901 0.36094945249266464
-1.5 1.539600717839002 0.3609432296355903 0.3609494524926645
-1.5 1.7320508075688772 0.33353356994583344 0.3335527636916664
-1.5 1.9245008972987525 0.360875856143577 0.3608815346531682
-1.5 2.116950987028628 0.36087585614357703 0.36088153465316775
-1.5 2.309401076758503 0.33353356994583344 0.3335527636916663
-1.4166666666666667 -2.309401076758503 0.2862493675470211 0.28625500412237725
-1.4166666666666667 -2.116950987028628 0.32963483876653016 0.3296458849498537
-1.4166666666666667 -1.9245008972987525 0.42309023538277396 0.42311094578436803
-1.4166666666666667 -1.7320508075688772 0.45674063168065804 0.45674912505796694
-1.4166666666666667 -1.539600717839002 0.4232077962157808 0.4232284505579851
-1.4166666666666667 -1.3471506281091268 0.329497532984544 0.3295077444292449
-1.4166666666666667 -1.1547005383792515 0.2862493675470211 0.28625500412237703
-1.4166666666666667 -0.9622504486493763 0.32963483876653016 0.3296458849498536
-1.4166666666666667 -0.769800358919501 0.4230902353827742 0.42311094578436825
-1.4166666666666667 -0.5773502691896257 0.4567406316806579 0.45674912505796694
-1.4166666666666667 -0.3849001794597505 0.4232077962157808 0.42322845055798497
-1.4166666666666667 -0.19245008972987526 0.32949753298454404 0.329507744429245
-1.4166666666666667 0.0 0.28624936754702135 0.28625500412237703
-1.4166666666666667 0.19245008972987526 0.32963483876653027 0.3296458849498535
-1.4166666666666667 0.3849001794597505 0.4230902353827743 0.42311094578436825
-1.4166666666666667 0.5773502691896257 0.4567406316806579 0.45674912505796694
-1.4166666666666667 0.769800358919501 0.4232077962157807 0.4232284505579852
-1.4166666666666667 0.9622504486493763 0.32949753298454415 0.329507744429245
-1.4166666666666667 1.1547005383792515 0.28624936754702124 0.2862550041223768
-1.4166666666666667 1.3471506281091268 0.32963483876653005 0.3296458849498538
-1.4166666666666667 1.539600717839002 0.4230902353827742 0.42311094578436814
-1.4166666666666667 1.7320508075688772 0.4567406316806578 0.45674912505796716
-1.4166666666666667 1.9245008972987525 0.4232077962157807 0.4232284505579851
-1.4166666666666667 2.116950987028628 0.32949753298454415 0.329507744429245
-1.4166666666666667 2.309401076758503 0.28624936754702124 0.2862550041223768
-1.3333333333333333 -2.309401076758503 0.2731841191164582 0.27318910295104126
-1.3333333333333333 -2.116950987028628 0.33156164922166587 0.3315704644350004
-1.3333333333333333 -1.9245008972987525 0.4939740663677083 0.49398645646979145
-1.3333333333333333 -1.7320508075688772 0.5363816135460416 0.5363928626281247
-1.3333333333333333 -1.539600717839002 0.49409715870333343 0.4941094647816674
-1.3333333333333333 -1.3471506281091268 0.33153746629479147 0.33154655748437467
-1.3333333333333333 -1.1547005383792515 0.2731841191164583 0.2731891029510415
-1.3333333333333333 -0.9622504486493763 0.331561649221666 0.3315704644350005
-1.3333333333333333 -0.769800358919501 0.49397406636770863 0.4939864564697912
-1.3333333333333333 -0.5773502691896257 0.536381613546042 0.5363928626281251
-1.3333333333333333 -0.3849001794597505 0.4940971587033333 0.4941094647816675
-1.3333333333333333 -0.19245008972987526 0.3315374662947919 0.3315465574843748
-1.3333333333333333 0.0 0.2731841191164582 0.2731891029510415
-1.3333333333333333 0.19245008972987526 0.331561649221666 0.33157046443500027
-1.3333333333333333 0.3849001794597505 0.49397406636770874 0.4939864564697912
-1.3333333333333333 0.5773502691896257 0.536381613546042 0.5363928626281255
-1.3333333333333333 0.769800358919501 0.4940971587033333 0.4941094647816676
-1.3333333333333333 0.9622504486493763 0.3315374662947919 0.3315465574843748
-1.3333333333333333 1.1547005383792515 0.2731841191164582 0.2731891029510415
-1.3333333333333333 1.3471506281091268 0.33156164922166576 0.33157046443500027
-1.3333333333333333 1.539600717839002 0.49397406636770874 0.4939864564697912
-1.3333333333333333 1.7320508075688772 0.536381613546042 0.5363928626281255
-1.3333333333333333 1.9245008972987525 0.49409715870333343 0.4941094647816675
-1.3333333333333333 2.116950987028628 0.3315374662947918 0.33154655748437467
-1.3333333333333333 2.309401076758503 0.2731841191164582 0.2731891029510416
-1.25 -2.309401076758503 0.2826601198303073 0.2826594540124038
-1.25 -2.116950987028628 0.3693360487612246 0.3693403475816056
-1.25 -1.9245008972987525 0.5345123657308158 0.5345083627249452
-1.25 -1.7320508075688772 0.5482981163613598 0.5482984163959296
-1.25 -1.539600717839002 0.5345610418191198 0.5345570419948928
-1.25 -1.3471506281091268 0.36939835232217255 0.369404212015224
-1.25 -1.1547005383792515 0.28266011983030737 0.2826594540124039
-1.25 -0.9622504486493763 0.3693360487612246 0.3693403475816054
-1.25 -0.769800358919501 0.5345123657308162 0.5345083627249455
-1.25 -0.5773502691896257 0.5482981163613602 0.5482984163959296
-1.25 -0.3849001794597505 0.5345610418191195 0.5345570419948931
-1.25 -0.19245008972987526 0.3693983523221729 0.369404212015224
-1.25 0.0 0.28266011983030725 0.2826594540124038
-1.25 0.19245008972987526 0.3693360487612247 0.36934034758160517
-1.25 0.3849001794597505 0.5345123657308164 0.5345083627249452
-1.25 0.5773502691896257 0.5482981163613603 0.5482984163959298
-1.25 0.769800358919501 0.5345610418191195 0.5345570419948934
-1.25 0.9622504486493763 0.3693983523221728 0.3694042120152241
-1.25 1.1547005383792515 0.28266011983030714 0.2826594540124038
-1.25 1.3471506281091268 0.3693360487612246 0.36934034758160517
-1.25 1.539600717839002 0.5345123657308165 0.5345083627249453
-1.25 1.7320508075688772 0.5482981163613606 0.5482984163959299
-1.25 1.9245008972987525 0.5345610418191193 0.5345570419948934
-1.25 2.116950987028628 0.3693983523221729 0.3694042120152241
-1.25 2.309401076758503 0.2826601198303071 0.28265945401240367
-1.1666666666666667 -2.309401076758503 0.305354844068798 0.30535800561769744
-1.1666666666666667 -2.116950987028628 0.43959900960483994 0.4396132632415152
-1.1666666666666667 -1.9245008972987525 0.5490505833147052 0.5490494025193733
-1.1666666666666667 -1.7320508075688772 0.5533364997103676 0.5533413858781346
-1.1666666666666667 -1.539600717839002 0.5490590471743273 0.5490580113793173
-1.1666666666666667 -1.3471506281091268 0.4396553622019625 0.4396693800889593
-1.1666666666666667 -1.1547005383792515 0.305354844068798 0.30535800561769744
-1.1666666666666667 -0.9622504486493763 0.43959900960483994 0.4396132632415155
-1.1666666666666667 -0.769800358919501 0.5490505833147055 0.5490494025193733
-1.1666666666666667 -0.5773502691896257 0.5533364997103677 0.5533413858781348
-1.1666666666666667 -0.3849001794597505 0.5490590471743272 0.5490580113793172
-1.1666666666666667 -0.19245008972987526 0.4396553622019626 0.4396693800889593
-1.1666666666666667 0.0 0.3053548440687979 0.30535800561769744
-1.1666666666666667 0.19245008972987526 0.4395990096048401 0.4396132632415155
-1.1666666666666667 0.3849001794597505 0.5490505833147054 0.5490494025193733
-1.1666666666666667 0.5773502691896257 0.5533364997103677 0.5533413858781348
-1.1666666666666667 0.769800358919501 0.5490590471743271 0.5490580113793174
-1.1666666666666667 0.9622504486493763 0.4396553622019627 0.4396693800889593
-1.1666666666666667 1.1547005383792515 0.30535484406879826 0.30535800561769744
-1.1666666666666667 1.3471506281091268 0.4395990096048398 0.4396132632415154
-1.1666666666666667 1.539600717839002 0.5490505833147055 0.549049402519373
-1.1666666666666667 1.7320508075688772 0.5533364997103678 0.5533413858781348
-1.1666666666666667 1.9245008972987525 0.549059047174327 0.5490580113793173
-1.1666666666666667 2.116950987028628 0.4396553622019627 0.43966938008895917
-1.1666666666666667 2.309401076758503 0.30535484406879837 0.30535800561769744
-1.0833333333333333 -2.309401076758503 0.33288463595206125 0.33288854061814066
-1.0833333333333333 -2.116950987028628 0.48896093697153636 0.4889581491655821
-1.0833333333333333 -1.9245008972987525 0.5538124805978782 0.5538165407092978
-1.0833333333333333 -1.7320508075688772 0.5553462753785914 0.5553509167931808
-1.0833333333333333 -1.539600717839002 0.5538116342194805 0.5538158764624703
-1.0833333333333333 -1.3471506281091268 0.48899013497814536 0.4889868488745328
-1.0833333333333333 -1.1547005383792515 0.33288463595206114 0.33288854061814077
-1.0833333333333333 -0.9622504486493763 0.48896093697153586 0.48895814916558245
-1.0833333333333333 -0.769800358919501 0.5538124805978787 0.5538165407092976
-1.0833333333333333 -0.5773502691896257 0.5553462753785914 0.5553509167931808
-1.0833333333333333 -0.3849001794597505 0.5538116342194805 0.5538158764624702
-1.0833333333333333 -0.19245008972987526 0.4889901349781455 0.4889868488745327
-1.0833333333333333 0.0 0.332884635952061 0.33288854061814066
-1.0833333333333333 0.19245008972987526 0.48896093697153586 0.48895814916558245
-1.0833333333333333 0.3849001794597505 0.5538124805978786 0.5538165407092974
-1.0833333333333333 0.5773502691896257 0.5553462753785916 0.555350916793181
-1.0833333333333333 0.769800358919501 0.5538116342194808 0.5538158764624702
-1.0833333333333333 0.9622504486493763 0.4889901349781457 0.4889868488745326
-1.0833333333333333 1.1547005383792515 0.33288463595206136 0.33288854061814066
-1.0833333333333333 1.3471506281091268 0.4889609369715361 0.48895814916558245
-1.0833333333333333 1.539600717839002 0.5538124805978787 0.5538165407092974
-1.0833333333333333 1.7320508075688772 0.5553462753785916 0.5553509167931806
-1.0833333333333333 1.9245008972987525 0.55381163421948 0.5538158764624705
-1.0833333333333333 2.116950987028628 0.4889901349781457 0.4889868488745326
-1.0833333333333333 2.309401076758503 0.33288463595206147 0.33288854061814066
-1.0 -2.309401076758503 0.34450321503541625 0.34449885259375
-1.0 -2.116950987028628 0.49984855231770825 0.49982049682979135
-1.0 -1.9245008972987525 0.5548895572697919 0.5548957088743756
-1.0 -1.7320508075688772 0.5555188246895832 0.5555242948729175
-1.0 -1.539600717839002 0.5548895572697919 0.5548957088743758
-1.0 -1.3471506281091268 0.4998485523177081 0.4998204968297909
-1.0 -1.1547005383792515 0.34450321503541625 0.34449885259375
-1.0 -0.9622504486493763 0.49984855231770836 0.49982049682979124
-1.0 -0.769800358919501 0.5548895572697918 0.5548957088743754
-1.0 -0.5773502691896257 0.5555188246895832 0.5555242948729175
-1.0 -0.3849001794597505 0.5548895572697918 0.5548957088743758
-1.0 -0.19245008972987526 0.49984855231770814 0.4998204968297911
-1.0 0.0 0.34450321503541625 0.34449885259375
-1.0 0.19245008972987526 0.49984855231770814 0.499820496829791
-1.0 0.3849001794597505 0.5548895572697918 0.5548957088743757
-1.0 0.5773502691896257 0.5555188246895832 0.5555242948729175
-1.0 0.769800358919501 0.5548895572697917 0.5548957088743756
-1.0 0.9622504486493763 0.49984855231770836 0.49982049682979135
-1.0 1.1547005383792515 0.34450321503541625 0.34449885259375
-1.0 1.3471506281091268 0.49984855231770803 0.499820496829791
-1.0 1.539600717839002 0.5548895572697918 0.5548957088743757
-1.0 1.7320508075688772 0.5555188246895832 0.5555242948729175
-1.0 1.9245008972987525 0.554889557269792 0.5548957088743757
-1.0 2.116950987028628 0.49984855231770847 0.49982049682979146
-1.0 2.309401076758503 0.34450321503541625 0.34449885259375
-0.9166666666666666 -2.309401076758503 0.33288463595206125 0.33288854061814066
-0.9166666666666666 -2.116950987028628 0.4889901349781456 0.48898684887453225
-0.9166666666666666 -1.9245008972987525 0.5538116342194802 0.5538158764624707
-0.9166666666666666 -1.7320508075688772 0.5553462753785914 0.5553509167931806
-0.9166666666666666 -1.539600717839002 0.5538124805978785 0.5538165407092976
-0.9166666666666666 -1.3471506281091268 0.4889609369715359 0.48895814916558233
-0.9166666666666666 -1.1547005383792515 0.33288463595206125 0.33288854061814077
-0.9166666666666666 -0.9622504486493763 0.4889901349781456 0.48898684887453236
-0.9166666666666666 -0.769800358919501 0.5538116342194805 0.5538158764624703
-0.9166666666666666 -0.5773502691896257 0.5553462753785915 0.5553509167931807
-0.9166666666666666 -0.3849001794597505 0.5538124805978784 0.5538165407092974
-0.9166666666666666 -0.19245008972987526 0.4889609369715359 0.4889581491655822
-0.9166666666666666 0.0 0.33288463595206114 0.33288854061814077
-0.9166666666666666 0.19245008972987526 0.4889901349781455 0.48898684887453236
-0.9166666666666666 0.3849001794597505 0.5538116342194804 0.5538158764624703
-0.9166666666666666 0.5773502691896257 0.5553462753785914 0.5553509167931807
-0.9166666666666666 0.769800358919501 0.5538124805978784 0.5538165407092976
-0.9166666666666666 0.9622504486493763 0.48896093697153603 0.4889581491655818
-0.9166666666666666 1.1547005383792515 0.33288463595206125 0.33288854061814066
-0.9166666666666666 1.3471506281091268 0.48899013497814536 0.4889868488745328
-0.9166666666666666 1.539600717839002 0.5538116342194805 0.5538158764624707
-0.9166666666666666 1.7320508075688772 0.555346275378591 0.5553509167931808
-0.9166666666666666 1.9245008972987525 0.5538124805978782 0.5538165407092978
-0.9166666666666666 2.116950987028628 0.48896093697153614 0.48895814916558167
-0.9166666666666666 2.309401076758503 0.33288463595206125 0.33288854061814077
-0.8333333333333334 -2.309401076758503 0.30535484406879837 0.30535800561769755
-0.8333333333333334 -2.116950987028628 0.4396553622019627 0.4396693800889593
-0.8333333333333334 -1.9245008972987525 0.5490590471743271 0.5490580113793172
-0.8333333333333334 -1.7320508075688772 0.5533364997103677 0.5533413858781348
-0.8333333333333334 -1.539600717839002 0.5490505833147056 0.5490494025193733
-0.8333333333333334 -1.3471506281091268 0.4395990096048399 0.4396132632415155
-0.8333333333333334 -1.1547005383792515 0.30535484406879815 0.30535800561769755
-0.8333333333333334 -0.9622504486493763 0.4396553622019626 0.43966938008895917
-0.8333333333333334 -0.769800358919501 0.5490590471743271 0.5490580113793174
-0.8333333333333334 -0.5773502691896257 0.5533364997103677 0.5533413858781348
-0.8333333333333334 -0.3849001794597505 0.5490505833147054 0.5490494025193733
-0.8333333333333334 -0.19245008972987526 0.4395990096048399 0.4396132632415154
-0.8333333333333334 0.0 0.3053548440687979 0.30535800561769755
-0.8333333333333334 0.19245008972987526 0.4396553622019627 0.43966938008895917
-0.8333333333333334 0.3849001794597505 0.5490590471743272 0.5490580113793172
-0.8333333333333334 0.5773502691896257 0.5533364997103677 0.5533413858781348
-0.8333333333333334 0.769800358919501 0.5490505833147055 0.5490494025193734
-0.8333333333333334 0.9622504486493763 0.43959900960483983 0.4396132632415154
-0.8333333333333334 1.1547005383792515 0.305354844068798 0.30535800561769755
-0.8333333333333334 1.3471506281091268 0.4396553622019625 0.4396693800889593
-0.8333333333333334 1.539600717839002 0.5490590471743273 0.5490580113793173
-0.8333333333333334 1.7320508075688772 0.5533364997103676 0.5533413858781348
-0.8333333333333334 1.9245008972987525 0.5490505833147052 0.5490494025193733
-0.8333333333333334 2.116950987028628 0.43959900960483994 0.4396132632415154
-0.8333333333333334 2.309401076758503 0.3053548440687981 0.30535800561769744
-0.75 -2.309401076758503 0.2826601198303071 0.2826594540124038
-0.75 -2.116950987028628 0.36939835232217283 0.3694042120152241
-0.75 -1.9245008972987525 0.5345610418191193 0.5345570419948933
-0.75 -1.7320508075688772 0.5482981163613605 0.5482984163959298
-0.75 -1.539600717839002 0.5345123657308165 0.5345083627249453
-0.75 -1.3471506281091268 0.3693360487612245 0.36934034758160517
-0.75 -1.1547005383792515 0.2826601198303072 0.2826594540124038
-0.75 -0.9622504486493763 0.3693983523221728 0.369404212015224
-0.75 -0.769800358919501 0.5345610418191195 0.5345570419948934
-0.75 -0.5773502691896257 0.5482981163613604 0.5482984163959298
-0.75 -0.3849001794597505 0.5345123657308164 0.5345083627249453
-0.75 -0.19245008972987526 0.3693360487612246 0.36934034758160517
-0.75 0.0 0.2826601198303072 0.2826594540124038
-0.75 0.19245008972987526 0.3693983523221729 0.3694042120152239
-0.75 0.3849001794597505 0.5345610418191195 0.5345570419948933
-0.75 0.5773502691896257 0.5482981163613603 0.5482984163959296
-0.75 0.769800358919501 0.5345123657308162 0.5345083627249455
-0.75 0.9622504486493763 0.3693360487612245 0.3693403475816053
-0.75 1.1547005383792515 0.28266011983030737 0.2826594540124039
-0.75 1.3471506281091268 0.36939835232217255 0.3694042120152239
-0.75 1.539600717839002 0.5345610418191197 0.5345570419948931
-0.75 1.7320508075688772 0.5482981163613597 0.5482984163959296
-0.75 1.9245008972987525 0.534512365730816 0.5345083627249453
-0.75 2.116950987028628 0.3693360487612245 0.3693403475816054
-0.75 2.309401076758503 0.28266011983030737 0.28265945401240367
-0.6666666666666666 -2.309401076758503 0.2731841191164581 0.2731891029510416
-0.6666666666666666 -2.116950987028628 0.3315374662947917 0.33154655748437467
-0.6666666666666666 -1.9245008972987525 0.49409715870333315 0.4941094647816675
-0.6666666666666666 -1.7320508075688772 0.5363816135460421 0.5363928626281252
-0.6666666666666666 -1.539600717839002 0.49397406636770874 0.49398645646979134
-0.6666666666666666 -1.3471506281091268 0.33156164922166576 0.33157046443500016
-0.6666666666666666 -1.1547005383792515 0.27318411911645835 0.2731891029510416
-0.6666666666666666 -0.9622504486493763 0.3315374662947917 0.33154655748437467
-0.6666666666666666 -0.769800358919501 0.49409715870333326 0.4941094647816674
-0.6666666666666666 -0.5773502691896257 0.5363816135460422 0.5363928626281255
-0.6666666666666666 -0.3849001794597505 0.4939740663677087 0.4939864564697911
-0.6666666666666666 -0.19245008972987526 0.33156164922166614 0.3315704644350004
-0.6666666666666666 0.0 0.27318411911645823 0.2731891029510415
-0.6666666666666666 0.19245008972987526 0.33153746629479186 0.3315465574843748
-0.6666666666666666 0.3849001794597505 0.4940971587033333 0.4941094647816672
-0.6666666666666666 0.5773502691896257 0.5363816135460421 0.5363928626281252
-0.6666666666666666 0.769800358919501 0.4939740663677086 0.49398645646979134
-0.6666666666666666 0.9622504486493763 0.3315616492216658 0.3315704644350005
-0.6666666666666666 1.1547005383792515 0.27318411911645835 0.2731891029510414
-0.6666666666666666 1.3471506281091268 0.3315374662947916 0.33154655748437467
-0.6666666666666666 1.539600717839002 0.4940971587033333 0.4941094647816674
-0.6666666666666666 1.7320508075688772 0.5363816135460419 0.536392862628125
-0.6666666666666666 1.9245008972987525 0.49397406636770846 0.49398645646979134
-0.6666666666666666 2.116950987028628 0.33156164922166587 0.3315704644350004
-0.6666666666666666 2.309401076758503 0.2731841191164581 0.27318910295104115
-0.5833333333333334 -2.309401076758503 0.286249367547021 0.2862550041223769
-0.5833333333333334 -2.116950987028628 0.32949753298454443 0.32950774442924513
-0.5833333333333334 -1.9245008972987525 0.4232077962157809 0.4232284505579851
-0.5833333333333334 -1.7320508075688772 0.45674063168065804 0.4567491250579673
-0.5833333333333334 -1.539600717839002 0.42309023538277424 0.42311094578436814
-0.5833333333333334 -1.3471506281091268 0.32963483876652994 0.3296458849498535
-0.5833333333333334 -1.1547005383792515 0.28624936754702124 0.2862550041223768
-0.5833333333333334 -0.9622504486493763 0.3294975329845441 0.3295077444292449
-0.5833333333333334 -0.769800358919501 0.4232077962157808 0.4232284505579852
-0.5833333333333334 -0.5773502691896257 0.4567406316806578 0.45674912505796694
-0.5833333333333334 -0.3849001794597505 0.42309023538277424 0.42311094578436814
-0.5833333333333334 -0.19245008972987526 0.32963483876653027 0.32964588494985336
-0.5833333333333334 0.0 0.28624936754702135 0.28625500412237703
-0.5833333333333334 0.19245008972987526 0.3294975329845442 0.329507744429245
-0.5833333333333334 0.3849001794597505 0.4232077962157809 0.4232284505579851
-0.5833333333333334 0.5773502691896257 0.4567406316806579 0.45674912505796694
-0.5833333333333334 0.769800358919501 0.4230902353827741 0.42311094578436825
-0.5833333333333334 0.9622504486493763 0.32963483876653027 0.3296458849498535
-0.5833333333333334 1.1547005383792515 0.28624936754702135 0.28625500412237703
-0.5833333333333334 1.3471506281091268 0.329497532984544 0.3295077444292448
-0.5833333333333334 1.539600717839002 0.4232077962157809 0.42322845055798464
-0.5833333333333334 1.7320508075688772 0.45674063168065837 0.4567491250579673
-0.5833333333333334 1.9245008972987525 0.4230902353827738 0.42311094578436803
-0.5833333333333334 2.116950987028628 0.32963483876653016 0.3296458849498538
-0.5833333333333334 2.309401076758503 0.28624936754702124 0.28625500412237725
-0.5 -2.309401076758503 0.33353356994583344 0.3335527636916664
-0.5 -2.116950987028628 0.36087585614357715 0.36088153465316786
-0.5 -1.9245008972987525 0.360875856143577 0.3608815346531681
-0.5 -1.7320508075688772 0.33353356994583344 0.3335527636916664
-0.5 -1.539600717839002 0.3609432296355903 0.3609494524926645
-0.5 -1.3471506281091268 0.3609432296355901 0.36094945249266464
-0.5 -1.1547005383792515 0.33353356994583355 0.3335527636916664
-0.5 -0.9622504486493763 0.36087585614357715 0.36088153465316775
-0.5 -0.769800358919501 0.3608758561435772 0.36088153465316786
-0.5 -0.5773502691896257 0.33353356994583355 0.3335527636916664
-0.5 -0.3849001794597505 0.3609432296355904 0.3609494524926643
-0.5 -0.19245008972987526 0.3609432296355902 0.3609494524926644
-0.5 0.0 0.33353356994583355 0.3335527636916664
-0.5 0.19245008972987526 0.3608758561435772 0.36088153465316786
-0.5 0.3849001794597505 0.36087585614357703 0.36088153465316786
-0.5 0.5773502691896257 0.33353356994583355 0.3335527636916664
-0.5 0.769800358919501 0.3609432296355901 0.3609494524926644
-0.5 0.9622504486493763 0.3609432296355904 0.3609494524926644
-0.5 1.1547005383792515 0.33353356994583355 0.3335527636916664
-0.5 1.3471506281091268 0.3608758561435771 0.3608815346531681
-0.5 1.539600717839002 0.36087585614357715 0.36088153465316763
-0.5 1.7320508075688772 0.33353356994583355 0.3335527636916664
-0.5 1.9245008972987525 0.3609432296355901 0.3609494524926645
-0.5 2.116950987028628 0.3609432296355903 0.3609494524926644
-0.5 2.309401076758503 0.33353356994583344 0.3335527636916664
-0.4166666666666667 -2.309401076758503 0.45674063168065815 0.45674912505796705
-0.4166666666666667 -2.116950987028628 0.4232077962157807 0.42322845055798464
-0.4166666666666667 -1.9245008972987525 0.3294975329845442 0.329507744429245
-0.4166666666666667 -1.7320508075688772 0.2862493675470211 0.2862550041223769
-0.4166666666666667 -1.539600717839002 0.32963483876653016 0.3296458849498535
-0.4166666666666667 -1.3471506281091268 0.4230902353827742 0.42311094578436825
-0.4166666666666667 -1.1547005383792515 0.4567406316806579 0.45674912505796705
-0.4166666666666667 -0.9622504486493763 0.4232077962157808 0.42322845055798486
-0.4166666666666667 -0.769800358919501 0.32949753298454426 0.3295077444292449
-0.4166666666666667 -0.5773502691896257 0.28624936754702135 0.28625500412237703
-0.4166666666666667 -0.3849001794597505 0.32963483876653027 0.3296458849498535
-0.4166666666666667 -0.19245008972987526 0.42309023538277424 0.42311094578436814
-0.4166666666666667 0.0 0.45674063168065815 0.45674912505796694
-0.4166666666666667 0.19245008972987526 0.4232077962157807 0.4232284505579851
-0.4166666666666667 0.3849001794597505 0.3294975329845441 0.329507744429245
-0.4166666666666667 0.5773502691896257 0.28624936754702135 0.2862550041223769
-0.4166666666666667 0.769800358919501 0.32963483876653027 0.3296458849498535
-0.4166666666666667 0.9622504486493763 0.42309023538277424 0.42311094578436814
-0.4166666666666667 1.1547005383792515 0.4567406316806576 0.45674912505796694
-0.4166666666666667 1.3471506281091268 0.4232077962157808 0.4232284505579852
-0.4166666666666667 1.539600717839002 0.3294975329845442 0.329507744429245
-0.4166666666666667 1.7320508075688772 0.2862493675470211 0.2862550041223766
-0.4166666666666667 1.9245008972987525 0.32963483876653005 0.3296458849498536
-0.4166666666666667 2.116950987028628 0.423090235382774 0.4231109457843679
-0.4166666666666667 2.309401076758503 0.4567406316806578 0.45674912505796716
-0.3333333333333333 -2.309401076758503 0.5363816135460419 0.5363928626281251
-0.3333333333333333 -2.116950987028628 0.4940971587033336 0.4941094647816674
-0.3333333333333333 -1.9245008972987525 0.33153746629479147 0.33154655748437467
-0.3333333333333333 -1.7320508075688772 0.2731841191164584 0.2731891029510414
-0.3333333333333333 -1.539600717839002 0.33156164922166587 0.3315704644350005
-0.3333333333333333 -1.3471506281091268 0.4939740663677085 0.49398645646979134
-0.3333333333333333 -1.1547005383792515 0.5363816135460421 0.536392862628125
-0.3333333333333333 -0.9622504486493763 0.49409715870333326 0.4941094647816674
-0.3333333333333333 -0.769800358919501 0.3315374662947918 0.33154655748437467
-0.3333333333333333 -0.5773502691896257 0.2731841191164583 0.2731891029510415
-0.3333333333333333 -0.3849001794597505 0.331561649221666 0.33157046443500027
-0.3333333333333333 -0.19245008972987526 0.4939740663677084 0.4939864564697912
-0.3333333333333333 0.0 0.5363816135460422 0.5363928626281254
-0.3333333333333333 0.19245008972987526 0.49409715870333326 0.4941094647816673
-0.3333333333333333 0.3849001794597505 0.3315374662947918 0.33154655748437467
-0.3333333333333333 0.5773502691896257 0.2731841191164582 0.2731891029510416
-0.3333333333333333 0.769800358919501 0.331561649221666 0.33157046443500027
-0.3333333333333333 0.9622504486493763 0.49397406636770863 0.4939864564697912
-0.3333333333333333 1.1547005383792515 0.5363816135460421 0.5363928626281256
-0.3333333333333333 1.3471506281091268 0.49409715870333315 0.4941094647816676
-0.3333333333333333 1.539600717839002 0.3315374662947919 0.33154655748437467
-0.3333333333333333 1.7320508075688772 0.2731841191164584 0.2731891029510417
-0.3333333333333333 1.9245008972987525 0.33156164922166576 0.33157046443500027
-0.3333333333333333 2.116950987028628 0.49397406636770874 0.49398645646979134
-0.3333333333333333 2.309401076758503 0.5363816135460422 0.5363928626281254
-0.25 -2.309401076758503 0.5482981163613599 0.5482984163959296
-0.25 -2.116950987028628 0.5345610418191197 0.5345570419948928
-0.25 -1.9245008972987525 0.36939835232217255 0.369404212015224
-0.25 -1.7320508075688772 0.2826601198303073 0.2826594540124039
-0.25 -1.539600717839002 0.3693360487612245 0.36934034758160517
-0.25 -1.3471506281091268 0.5345123657308162 0.5345083627249454
-0.25 -1.1547005383792515 0.54829811636136 0.5482984163959296
-0.25 -0.9622504486493763 0.5345610418191197 0.5345570419948931
-0.25 -0.769800358919501 0.3693983523221728 0.3694042120152239
-0.25 -0.5773502691896257 0.2826601198303073 0.2826594540124039
-0.25 -0.3849001794597505 0.3693360487612245 0.36934034758160506
-0.25 -0.19245008972987526 0.5345123657308163 0.5345083627249454
-0.25 0.0 0.5482981163613605 0.5482984163959297
-0.25 0.19245008972987526 0.5345610418191195 0.5345570419948933
-0.25 0.3849001794597505 0.3693983523221728 0.369404212015224
-0.25 0.5773502691896257 0.28266011983030714 0.2826594540124038
-0.25 0.769800358919501 0.3693360487612247 0.36934034758160517
-0.25 0.9622504486493763 0.5345123657308165 0.5345083627249452
-0.25 1.1547005383792515 0.5482981163613606 0.5482984163959298
-0.25 1.3471506281091268 0.5345610418191193 0.5345570419948935
-0.25 1.539600717839002 0.3693983523221728 0.3694042120152238
-0.25 1.7320508075688772 0.28266011983030725 0.28265945401240367
-0.25 1.9245008972987525 0.36933604876122456 0.3693403475816053
-0.25 2.116950987028628 0.5345123657308164 0.5345083627249453
-0.25 2.309401076758503 0.5482981163613607 0.5482984163959298
-0.16666666666666666 -2.309401076758503 0.5533364997103675 0.5533413858781345
-0.16666666666666666 -2.116950987028628 0.5490590471743273 0.5490580113793175
-0.16666666666666666 -1.9245008972987525 0.4396553622019626 0.4396693800889595
-0.16666666666666666 -1.7320508075688772 0.30535484406879787 0.30535800561769744
-0.16666666666666666 -1.539600717839002 0.43959900960483994 0.4396132632415153
-0.16666666666666666 -1.3471506281091268 0.5490505833147052 0.5490494025193734
-0.16666666666666666 -1.1547005383792515 0.5533364997103678 0.5533413858781348
-0.16666666666666666 -0.9622504486493763 0.5490590471743272 0.5490580113793172
-0.16666666666666666 -0.769800358919501 0.4396553622019626 0.4396693800889593
-0.16666666666666666 -0.5773502691896257 0.3053548440687981 0.30535800561769744
-0.16666666666666666 -0.3849001794597505 0.43959900960483983 0.4396132632415153
-0.16666666666666666 -0.19245008972987526 0.5490505833147054 0.5490494025193732
-0.16666666666666666 0.0 0.5533364997103677 0.5533413858781348
-0.16666666666666666 0.19245008972987526 0.5490590471743272 0.5490580113793172
-0.16666666666666666 0.3849001794597505 0.4396553622019627 0.43966938008895906
-0.16666666666666666 0.5773502691896257 0.30535484406879804 0.30535800561769744
-0.16666666666666666 0.769800358919501 0.43959900960483994 0.4396132632415155
-0.16666666666666666 0.9622504486493763 0.5490505833147055 0.5490494025193731
-0.16666666666666666 1.1547005383792515 0.5533364997103678 0.5533413858781348
-0.16666666666666666 1.3471506281091268 0.5490590471743271 0.5490580113793174
-0.16666666666666666 1.539600717839002 0.43965536220196283 0.43966938008895917
-0.16666666666666666 1.7320508075688772 0.30535484406879815 0.30535800561769755
-0.16666666666666666 1.9245008972987525 0.4395990096048399 0.4396132632415156
-0.16666666666666666 2.116950987028628 0.5490505833147055 0.5490494025193731
-0.16666666666666666 2.309401076758503 0.5533364997103677 0.5533413858781346
-0.08333333333333333 -2.309401076758503 0.5553462753785914 0.5553509167931809
-0.08333333333333333 -2.116950987028628 0.5538116342194807 0.5538158764624704
-0.08333333333333333 -1.9245008972987525 0.48899013497814536 0.4889868488745328
-0.08333333333333333 -1.7320508075688772 0.33288463595206136 0.33288854061814055
-0.08333333333333333 -1.539600717839002 0.4889609369715361 0.4889581491655819
-0.08333333333333333 -1.3471506281091268 0.5538124805978785 0.5538165407092979
-0.08333333333333333 -1.1547005383792515 0.5553462753785914 0.5553509167931807
-0.08333333333333333 -0.9622504486493763 0.5538116342194807 0.5538158764624704
-0.08333333333333333 -0.769800358919501 0.48899013497814536 0.4889868488745326
-0.08333333333333333 -0.5773502691896257 0.33288463595206114 0.33288854061814077
-0.08333333333333333 -0.3849001794597505 0.4889609369715359 0.488958149165582
-0.08333333333333333 -0.19245008972987526 0.5538124805978785 0.5538165407092974
-0.08333333333333333 0.0 0.5553462753785914 0.5553509167931807
-0.08333333333333333 0.19245008972987526 0.5538116342194805 0.5538158764624702
-0.08333333333333333 0.3849001794597505 0.4889901349781455 0.48898684887453236
-0.08333333333333333 0.5773502691896257 0.33288463595206125 0.33288854061814077
-0.08333333333333333 0.769800358919501 0.4889609369715359 0.48895814916558233
-0.08333333333333333 0.9622504486493763 0.5538124805978784 0.5538165407092974
-0.08333333333333333 1.1547005383792515 0.5553462753785915 0.5553509167931807
-0.08333333333333333 1.3471506281091268 0.5538116342194804 0.5538158764624703
-0.08333333333333333 1.539600717839002 0.48899013497814536 0.4889868488745326
-0.08333333333333333 1.7320508075688772 0.33288463595206147 0.33288854061814066
-0.08333333333333333 1.9245008972987525 0.48896093697153603 0.4889581491655822
-0.08333333333333333 2.116950987028628 0.5538124805978787 0.5538165407092976
-0.08333333333333333 2.309401076758503 0.5553462753785918 0.5553509167931806
0.0 -2.309401076758503 0.5555188246895832 0.5555242948729175
0.0 -2.116950987028628 0.5548895572697916 0.5548957088743757
0.0 -1.9245008972987525 0.49984855231770836 0.499820496829791
0.0 -1.7320508075688772 0.34450321503541625 0.34449885259375
0.0 -1.539600717839002 0.49984855231770847 0.49982049682979146
0.0 -1.3471506281091268 0.5548895572697923 0.5548957088743757
0.0 -1.1547005383792515 0.5555188246895832 0.5555242948729175
0.0 -0.9622504486493763 0.5548895572697918 0.5548957088743758
0.0 -0.769800358919501 0.49984855231770825 0.4998204968297909
0.0 -0.5773502691896257 0.34450321503541625 0.34449885259375
0.0 -0.3849001794597505 0.49984855231770825 0.4998204968297911
0.0 -0.19245008972987526 0.5548895572697918 0.5548957088743757
0.0 0.0 0.5555188246895832 0.5555242948729175
0.0 0.19245008972987526 0.5548895572697918 0.5548957088743757
0.0 0.3849001794597505 0.49984855231770825 0.4998204968297911
0.0 0.5773502691896257 0.34450321503541625 0.34449885259375
0.0 0.769800358919501 0.49984855231770825 0.4998204968297909
0.0 0.9622504486493763 0.5548895572697918 0.5548957088743758
0.0 1.1547005383792515 0.5555188246895832 0.5555242948729175
0.0 1.3471506281091268 0.5548895572697923 0.5548957088743757
0.0 1.539600717839002 0.49984855231770847 0.49982049682979146
0.0 1.7320508075688772 0.34450321503541625 0.34449885259375
0.0 1.9245008972987525 0.49984855231770836 0.499820496829791
0.0 2.116950987028628 0.5548895572697916 0.5548957088743757
0.0 2.309401076758503 0.5555188246895832 0.5555242948729175
0.08333333333333333 -2.309401076758503 0.5553462753785918 0.5553509167931806
0.08333333333333333 -2.116950987028628 0.5538124805978787 0.5538165407092976
0.08333333333333333 -1.9245008972987525 0.48896093697153603 0.4889581491655822
0.08333333333333333 -1.7320508075688772 0.33288463595206147 0.33288854061814066
0.08333333333333333 -1.539600717839002 0.48899013497814536 0.4889868488745326
0.08333333333333333 -1.3471506281091268 0.5538116342194804 0.5538158764624703
0.08333333333333333 -1.1547005383792515 0.5553462753785915 0.5553509167931807
0.08333333333333333 -0.9622504486493763 0.5538124805978784 0.5538165407092974
0.08333333333333333 -0.769800358919501 0.4889609369715359 0.48895814916558233
0.08333333333333333 -0.5773502691896257 0.33288463595206125 0.33288854061814077
0.08333333333333333 -0.3849001794597505 0.4889901349781455 0.48898684887453236
0.08333333333333333 -0.19245008972987526 0.5538116342194805 0.5538158764624702
0.08333333333333333 0.0 0.5553462753785914 0.5553509167931807
0.08333333333333333 0.19245008972987526 0.5538124805978785 0.5538165407092974
0.08333333333333333 0.3849001794597505 0.4889609369715359 0.488958149165582
0.08333333333333333 0.5773502691896257 0.33288463595206114 0.33288854061814077
0.08333333333333333 0.769800358919501 0.48899013497814536 0.4889868488745326
0.08333333333333333 0.9622504486493763 0.5538116342194807 0.5538158764624704
0.08333333333333333 1.1547005383792515 0.5553462753785914 0.5553509167931807
0.08333333333333333 1.3471506281091268 0.5538124805978785 0.5538165407092979
0.08333333333333333 1.539600717839002 0.4889609369715361 0.4889581491655819
0.08333333333333333 1.7320508075688772 0.33288463595206136 0.33288854061814055
0.08333333333333333 1.9245008972987525 0.48899013497814536 0.4889868488745328
0.08333333333333333 2.116950987028628 0.5538116342194807 0.5538158764624704
0.08333333333333333 2.309401076758503 0.5553462753785914 0.5553509167931809
0.16666666666666666 -2.309401076758503 0.5533364997103677 0.5533413858781346
0.16666666666666666 -2.116950987028628 0.5490505833147055 0.5490494025193731
0.16666666666666666 -1.9245008972987525 0.4395990096048399 0.4396132632415156
0.16666666666666666 -1.7320508075688772 0.30535484406879815 0.30535800561769755
0.16666666666666666 -1.539600717839002 0.43965536220196283 0.43966938008895917
0.16666666666666666 -1.3471506281091268 0.5490590471743271 0.5490580113793174
0.16666666666666666 -1.1547005383792515 0.5533364997103678 0.5533413858781348
0.16666666666666666 -0.9622504486493763 0.5490505833147055 0.5490494025193731
0.16666666666666666 -0.769800358919501 0.43959900960483994 0.4396132632415155
0.16666666666666666 -0.5773502691896257 0.30535484406879804 0.30535800561769744
0.16666666666666666 -0.3849001794597505 0.4396553622019627 0.43966938008895906
0.16666666666666666 -0.19245008972987526 0.5490590471743272 0.5490580113793172
0.16666666666666666 0.0 0.5533364997103677 0.5533413858781348
0.16666666666666666 0.19245008972987526 0.5490505833147054 0.5490494025193732
0.16666666666666666 0.3849001794597505 0.43959900960483983 0.4396132632415153
0.16666666666666666 0.5773502691896257 0.3053548440687981 0.30535800561769744
0.16666666666666666 0.769800358919501 0.4396553622019626 0.4396693800889593
0.16666666666666666 0.9622504486493763 0.5490590471743272 0.5490580113793172
0.16666666666666666 1.1547005383792515 0.5533364997103678 0.5533413858781348
0.16666666666666666 1.3471506281091268 0.5490505833147052 0.5490494025193734
0.16666666666666666 1.539600717839002 0.43959900960483994 0.4396132632415153
0.16666666666666666 1.7320508075688772 0.30535484406879787 0.30535800561769744
0.16666666666666666 1.9245008972987525 0.4396553622019626 0.4396693800889595
0.16666666666666666 2.116950987028628 0.5490590471743273 0.5490580113793175
0.16666666666666666 2.309401076758503 0.5533364997103675 0.5533413858781345
0.25 -2.309401076758503 0.5482981163613607 0.5482984163959298
0.25 -2.116950987028628 0.5345123657308164 0.5345083627249453
0.25 -1.9245008972987525 0.36933604876122456 0.3693403475816053
0.25 -1.7320508075688772 0.28266011983030725 0.28265945401240367
0.25 -1.539600717839002 0.3693983523221728 0.3694042120152238
0.25 -1.3471506281091268 0.5345610418191193 0.5345570419948935
0.25 -1.1547005383792515 0.5482981163613606 0.5482984163959298
0.25 -0.9622504486493763 0.5345123657308165 0.5345083627249452
0.25 -0.769800358919501 0.3693360487612247 0.36934034758160517
0.25 -0.5773502691896257 0.28266011983030714 0.2826594540124038
0.25 -0.3849001794597505 0.3693983523221728 0.369404212015224
0.25 -0.19245008972987526 0.5345610418191195 0.5345570419948933
0.25 0.0 0.5482981163613605 0.5482984163959297
0.25 0.19245008972987526 0.5345123657308163 0.5345083627249454
0.25 0.3849001794597505 0.3693360487612245 0.36934034758160506
0.25 0.5773502691896257 0.2826601198303073 0.2826594540124039
0.25 0.769800358919501 0.3693983523221728 0.3694042120152239
0.25 0.9622504486493763 0.5345610418191197 0.5345570419948931
0.25 1.1547005383792515 0.54829811636136 0.5482984163959296
0.25 1.3471506281091268 0.5345123657308162 0.5345083627249454
0.25 1.539600717839002 0.3693360487612245 0.36934034758160517
0.25 1.7320508075688772 0.2826601198303073 0.2826594540124039
0.25 1.9245008972987525 0.36939835232217255 0.369404212015224
0.25 2.116950987028628 0.5345610418191197 0.5345570419948928
0.25 2.309401076758503 0.5482981163613599 0.5482984163959296
0.3333333333333333 -2.309401076758503 0.5363816135460422 0.5363928626281254
0.3333333333333333 -2.116950987028628 0.49397406636770874 0.49398645646979134
0.3333333333333333 -1.9245008972987525 0.33156164922166576 0.33157046443500027
0.3333333333333333 -1.7320508075688772 0.2731841191164584 0.2731891029510417
0.3333333333333333 -1.539600717839002 0.3315374662947919 0.33154655748437467
0.3333333333333333 -1.3471506281091268 0.49409715870333315 0.4941094647816676
0.3333333333333333 -1.1547005383792515 0.5363816135460421 0.5363928626281256
0.3333333333333333 -0.9622504486493763 0.49397406636770863 0.4939864564697912
0.3333333333333333 -0.769800358919501 0.331561649221666 0.33157046443500027
0.3333333333333333 -0.5773502691896257 0.2731841191164582 0.2731891029510416
0.3333333333333333 -0.3849001794597505 0.3315374662947918 0.33154655748437467
0.3333333333333333 -0.19245008972987526 0.49409715870333326 0.4941094647816673
0.3333333333333333 0.0 0.5363816135460422 0.5363928626281254
0.3333333333333333 0.19245008972987526 0.4939740663677084 0.4939864564697912
0.3333333333333333 0.3849001794597505 0.331561649221666 0.33157046443500027
0.3333333333333333 0.5773502691896257 0.2731841191164583 0.2731891029510415
0.3333333333333333 0.769800358919501 0.3315374662947918 0.33154655748437467
0.3333333333333333 0.9622504486493763 0.49409715870333326 0.4941094647816674
0.3333333333333333 1.1547005383792515 0.5363816135460421 0.536392862628125
0.3333333333333333 1.3471506281091268 0.4939740663677085 0.49398645646979134
0.3333333333333333 1.539600717839002 0.33156164922166587 0.3315704644350005
0.3333333333333333 1.7320508075688772 0.2731841191164584 0.2731891029510414
0.3333333333333333 1.9245008972987525 0.33153746629479147 0.33154655748437467
0.3333333333333333 2.116950987028628 0.4940971587033336 0.4941094647816674
0.3333333333333333 2.309401076758503 0.5363816135460419 0.5363928626281251
0.4166666666666667 -2.309401076758503 0.4567406316806578 0.45674912505796716
0.4166666666666667 -2.116950987028628 0.423090235382774 0.4231109457843679
0.4166666666666667 -1.9245008972987525 0.32963483876653005 0.3296458849498536
0.4166666666666667 -1.7320508075688772 0.2862493675470211 0.2862550041223766
0.4166666666666667 -1.539600717839002 0.3294975329845442 0.329507744429245
0.4166666666666667 -1.3471506281091268 0.4232077962157808 0.4232284505579852
0.4166666666666667 -1.1547005383792515 0.4567406316806576 0.45674912505796694
0.4166666666666667 -0.9622504486493763 0.42309023538277424 0.42311094578436814
0.4166666666666667 -0.769800358919501 0.32963483876653027 0.3296458849498535
0.4166666666666667 -0.5773502691896257 0.28624936754702135 0.2862550041223769
0.4166666666666667 -0.3849001794597505 0.3294975329845441 0.329507744429245
0.4166666666666667 -0.19245008972987526 0.4232077962157807 0.4232284505579851
0.4166666666666667 0.0 0.45674063168065815 0.45674912505796694
0.4166666666666667 0.19245008972987526 0.42309023538277424 0.42311094578436814
0.4166666666666667 0.3849001794597505 0.32963483876653027 0.3296458849498535
0.4166666666666667 0.5773502691896257 0.28624936754702135 0.28625500412237703
0.4166666666666667 0.769800358919501 0.32949753298454426 0.3295077444292449
0.4166666666666667 0.9622504486493763 0.4232077962157808 0.42322845055798486
0.4166666666666667 1.1547005383792515 0.4567406316806579 0.45674912505796705
0.4166666666666667 1.3471506281091268 0.4230902353827742 0.42311094578436825
0.4166666666666667 1.539600717839002 0.32963483876653016 0.3296458849498535
0.4166666666666667 1.7320508075688772 0.2862493675470211 0.2862550041223769
0.4166666666666667 1.9245008972987525 0.3294975329845442 0.329507744429245
0.4166666666666667 2.116950987028628 0.4232077962157807 0.42322845055798464
0.4166666666666667 2.309401076758503 0.45674063168065815 0.45674912505796705
0.5 -2.309401076758503 0.33353356994583344 0.3335527636916664
0.5 -2.116950987028628 0.3609432296355903 0.3609494524926644
0.5 -1.9245008972987525 0.3609432296355901 0.3609494524926645
0.5 -1.7320508075688772 0.33353356994583355 0.3335527636916664
0.5 -1.539600717839002 0.36087585614357715 0.36088153465316763
0.5 -1.3471506281091268 0.3608758561435771 0.3608815346531681
0.5 -1.1547005383792515 0.33353356994583355 0.3335527636916664
0.5 -0.9622504486493763 0.3609432296355904 0.3609494524926644
0.5 -0.769800358919501 0.3609432296355901 0.3609494524926644
0.5 -0.5773502691896257 0.33353356994583355 0.3335527636916664
0.5 -0.3849001794597505 0.36087585614357703 0.36088153465316786
0.5 -0.19245008972987526 0.3608758561435772 0.36088153465316786
0.5 0.0 0.33353356994583355 0.3335527636916664
0.5 0.19245008972987526 0.3609432296355902 0.3609494524926644
0.5 0.3849001794597505 0.3609432296355904 0.3609494524926643
0.5 0.5773502691896257 0.33353356994583355 0.3335527636916664
0.5 0.769800358919501 0.3608758561435772 0.36088153465316786
0.5 0.9622504486493763 0.36087585614357715 0.36088153465316775
0.5 1.1547005383792515 0.33353356994583355 0.3335527636916664
0.5 1.3471506281091268 0.3609432296355901 0.36094945249266464
0.5 1.539600717839002 0.3609432296355903 0.3609494524926645
0.5 1.7320508075688772 0.33353356994583344 0.3335527636916664
0.5 1.9245008972987525 0.360875856143577 0.3608815346531681
0.5 2.116950987028628 0.36087585614357715 0.36088153465316786
0.5 2.309401076758503 0.33353356994583344 0.3335527636916664
0.5833333333333334 -2.309401076758503 0.28624936754702124 0.28625500412237725
0.5833333333333334 -2.116950987028628 0.32963483876653016 0.3296458849498538
0.5833333333333334 -1.9245008972987525 0.4230902353827738 0.42311094578436803
0.5833333333333334 -1.7320508075688772 0.45674063168065837 0.4567491250579673
0.5833333333333334 -1.539600717839002 0.4232077962157809 0.42322845055798464
0.5833333333333334 -1.3471506281091268 0.329497532984544 0.3295077444292448
0.5833333333333334 -1.1547005383792515 0.28624936754702135 0.28625500412237703
0.5833333333333334 -0.9622504486493763 0.32963483876653027 0.3296458849498535
0.5833333333333334 -0.769800358919501 0.4230902353827741 0.42311094578436825
0.5833333333333334 -0.5773502691896257 0.4567406316806579 0.45674912505796694
0.5833333333333334 -0.3849001794597505 0.4232077962157809 0.4232284505579851
0.5833333333333334 -0.19245008972987526 0.3294975329845442 0.329507744429245
0.5833333333333334 0.0 0.28624936754702135 0.28625500412237703
0.5833333333333334 0.19245008972987526 0.32963483876653027 0.32964588494985336
0.5833333333333334 0.3849001794597505 0.42309023538277424 0.42311094578436814
0.5833333333333334 0.5773502691896257 0.4567406316806578 0.45674912505796694
0.5833333333333334 0.769800358919501 0.4232077962157808 0.4232284505579852
0.5833333333333334 0.9622504486493763 0.3294975329845441 0.3295077444292449
0.5833333333333334 1.1547005383792515 0.28624936754702124 0.2862550041223768
0.5833333333333334 1.3471506281091268 0.32963483876652994 0.3296458849498535
0.5833333333333334 1.539600717839002 0.42309023538277424 0.42311094578436814
0.5833333333333334 1.7320508075688772 0.45674063168065804 0.4567491250579673
0.5833333333333334 1.9245008972987525 0.4232077962157809 0.4232284505579851
0.5833333333333334 2.116950987028628 0.32949753298454443 0.32950774442924513
0.5833333333333334 2.309401076758503 0.286249367547021 0.2862550041223769
0.6666666666666666 -2.309401076758503 0.2731841191164581 0.27318910295104115
0.6666666666666666 -2.116950987028628 0.33156164922166587 0.3315704644350004
0.6666666666666666 -1.9245008972987525 0.49397406636770846 0.49398645646979134
0.6666666666666666 -1.7320508075688772 0.5363816135460419 0.536392862628125
0.6666666666666666 -1.539600717839002 0.4940971587033333 0.4941094647816674
0.6666666666666666 -1.3471506281091268 0.3315374662947916 0.33154655748437467
0.6666666666666666 -1.1547005383792515 0.27318411911645835 0.2731891029510414
0.6666666666666666 -0.9622504486493763 0.3315616492216658 0.3315704644350005
0.6666666666666666 -0.769800358919501 0.4939740663677086 0.49398645646979134
0.6666666666666666 -0.5773502691896257 0.5363816135460421 0.5363928626281252
0.6666666666666666 -0.3849001794597505 0.4940971587033333 0.4941094647816672
0.6666666666666666 -0.19245008972987526 0.33153746629479186 0.3315465574843748
0.6666666666666666 0.0 0.27318411911645823 0.2731891029510415
0.6666666666666666 0.19245008972987526 0.33156164922166614 0.3315704644350004
0.6666666666666666 0.3849001794597505 0.4939740663677087 0.4939864564697911
0.6666666666666666 0.5773502691896257 0.5363816135460422 0.5363928626281255
0.6666666666666666 0.769800358919501 0.49409715870333326 0.4941094647816674
0.6666666666666666 0.9622504486493763 0.3315374662947917 0.33154655748437467
0.6666666666666666 1.1547005383792515 0.27318411911645835 0.2731891029510416
0.6666666666666666 1.3471506281091268 0.33156164922166576 0.33157046443500016
0.6666666666666666 1.539600717839002 0.49397406636770874 0.49398645646979134
0.6666666666666666 1.7320508075688772 0.5363816135460421 0.5363928626281252
0.6666666666666666 1.9245008972987525 0.49409715870333315 0.4941094647816675
0.6666666666666666 2.116950987028628 0.3315374662947917 0.33154655748437467
0.6666666666666666 2.309401076758503 0.2731841191164581 0.2731891029510416
0.75 -2.309401076758503 0.28266011983030737 0.28265945401240367
0.75 -2.116950987028628 0.3693360487612245 0.3693403475816054
0.75 -1.9245008972987525 0.534512365730816 0.5345083627249453
0.75 -1.7320508075688772 0.5482981163613597 0.5482984163959296
0.75 -1.539600717839002 0.5345610418191197 0.5345570419948931
0.75 -1.3471506281091268 0.36939835232217255 0.3694042120152239
0.75 -1.1547005383792515 0.28266011983030737 0.2826594540124039
0.75 -0.9622504486493763 0.3693360487612245 0.3693403475816053
0.75 -0.769800358919501 0.5345123657308162 0.5345083627249455
0.75 -0.5773502691896257 0.5482981163613603 0.5482984163959296
0.75 -0.3849001794597505 0.5345610418191195 0.5345570419948933
0.75 -0.19245008972987526 0.3693983523221729 0.3694042120152239
0.75 0.0 0.2826601198303072 0.2826594540124038
0.75 0.19245008972987526 0.3693360487612246 0.36934034758160517
0.75 0.3849001794597505 0.5345123657308164 0.5345083627249453
0.75 0.5773502691896257 0.5482981163613604 0.5482984163959298
0.75 0.769800358919501 0.5345610418191195 0.5345570419948934
0.75 0.9622504486493763 0.3693983523221728 0.369404212015224
0.75 1.1547005383792515 0.2826601198303072 0.2826594540124038
0.75 1.3471506281091268 0.3693360487612245 0.36934034758160517
0.75 1.539600717839002 0.5345123657308165 0.5345083627249453
0.75 1.7320508075688772 0.5482981163613605 0.5482984163959298
0.75 1.9245008972987525 0.5345610418191193 0.5345570419948933
0.75 2.116950987028628 0.36939835232217283 0.3694042120152241
0.75 2.309401076758503 0.2826601198303071 0.2826594540124038
0.8333333333333334 -2.309401076758503 0.3053548440687981 0.30535800561769744
0.8333333333333334 -2.116950987028628 0.43959900960483994 0.4396132632415154
0.8333333333333334 -1.9245008972987525 0.5490505833147052 0.5490494025193733
0.8333333333333334 -1.7320508075688772 0.5533364997103676 0.5533413858781348
0.8333333333333334 -1.539600717839002 0.5490590471743273 0.5490580113793173
0.8333333333333334 -1.3471506281091268 0.4396553622019625 0.4396693800889593
0.8333333333333334 -1.1547005383792515 0.305354844068798 0.30535800561769755
0.8333333333333334 -0.9622504486493763 0.43959900960483983 0.4396132632415154
0.8333333333333334 -0.769800358919501 0.5490505833147055 0.5490494025193734
0.8333333333333334 -0.5773502691896257 0.5533364997103677 0.5533413858781348
0.8333333333333334 -0.3849001794597505 0.5490590471743272 0.5490580113793172
0.8333333333333334 -0.19245008972987526 0.4396553622019627 0.43966938008895917
0.8333333333333334 0.0 0.3053548440687979 0.30535800561769755
0.8333333333333334 0.19245008972987526 0.4395990096048399 0.4396132632415154
0.8333333333333334 0.3849001794597505 0.5490505833147054 0.5490494025193733
0.8333333333333334 0.5773502691896257 0.5533364997103677 0.5533413858781348
0.8333333333333334 0.769800358919501 0.5490590471743271 0.5490580113793174
0.8333333333333334 0.9622504486493763 0.4396553622019626 0.43966938008895917
0.8333333333333334 1.1547005383792515 0.30535484406879815 0.30535800561769755
0.8333333333333334 1.3471506281091268 0.4395990096048399 0.4396132632415155
0.8333333333333334 1.539600717839002 0.5490505833147056 0.5490494025193733
0.8333333333333334 1.7320508075688772 0.5533364997103677 0.5533413858781348
0.8333333333333334 1.9245008972987525 0.5490590471743271 0.5490580113793172
0.8333333333333334 2.116950987028628 0.4396553622019627 0.4396693800889593
0.8333333333333334 2.309401076758503 0.30535484406879837 0.30535800561769755
0.9166666666666666 -2.309401076758503 0.33288463595206125 0.33288854061814077
0.9166666666666666 -2.116950987028628 0.48896093697153614 0.48895814916558167
0.9166666666666666 -1.9245008972987525 0.5538124805978782 0.5538165407092978
0.9166666666666666 -1.7320508075688772 0.555346275378591 0.5553509167931808
0.9166666666666666 -1.539600717839002 0.5538116342194805 0.5538158764624707
0.9166666666666666 -1.3471506281091268 0.48899013497814536 0.4889868488745328
0.9166666666666666 -1.1547005383792515 0.33288463595206125 0.33288854061814066
0.9166666666666666 -0.9622504486493763 0.48896093697153603 0.4889581491655818
0.9166666666666666 -0.769800358919501 0.5538124805978784 0.5538165407092976
0.9166666666666666 -0.5773502691896257 0.5553462753785914 0.5553509167931807
0.9166666666666666 -0.3849001794597505 0.5538116342194804 0.5538158764624703
0.9166666666666666 -0.19245008972987526 0.4889901349781455 0.48898684887453236
0.9166666666666666 0.0 0.33288463595206114 0.33288854061814077
0.9166666666666666 0.19245008972987526 0.4889609369715359 0.4889581491655822
0.9166666666666666 0.3849001794597505 0.5538124805978784 0.5538165407092974
0.9166666666666666 0.5773502691896257 0.5553462753785915 0.5553509167931807
0.9166666666666666 0.769800358919501 0.5538116342194805 0.5538158764624703
0.9166666666666666 0.9622504486493763 0.4889901349781456 0.48898684887453236
0.9166666666666666 1.1547005383792515 0.33288463595206125 0.33288854061814077
0.9166666666666666 1.3471506281091268 0.4889609369715359 0.48895814916558233
0.9166666666666666 1.539600717839002 0.5538124805978785 0.5538165407092976
0.9166666666666666 1.7320508075688772 0.5553462753785914 0.5553509167931806
0.9166666666666666 1.9245008972987525 0.5538116342194802 0.5538158764624707
0.9166666666666666 2.116950987028628 0.4889901349781456 0.48898684887453225
0.9166666666666666 2.309401076758503 0.33288463595206125 0.33288854061814066
1.0 -2.309401076758503 0.34450321503541625 0.34449885259375
1.0 -2.116950987028628 0.49984855231770847 0.49982049682979146
1.0 -1.9245008972987525 0.554889557269792 0.5548957088743757
1.0 -1.7320508075688772 0.5555188246895832 0.5555242948729175
1.0 -1.539600717839002 0.5548895572697918 0.5548957088743757
1.0 -1.3471506281091268 0.49984855231770803 0.499820496829791
1.0 -1.1547005383792515 0.34450321503541625 0.34449885259375
1.0 -0.9622504486493763 0.49984855231770836 0.49982049682979135
1.0 -0.769800358919501 0.5548895572697917 0.5548957088743756
1.0 -0.5773502691896257 0.5555188246895832 0.5555242948729175
1.0 -0.3849001794597505 0.5548895572697918 0.5548957088743757
1.0 -0.19245008972987526 0.49984855231770814 0.499820496829791
1.0 0.0 0.34450321503541625 0.34449885259375
1.0 0.19245008972987526 0.49984855231770814 0.4998204968297911
1.0 0.3849001794597505 0.5548895572697918 0.5548957088743758
1.0 0.5773502691896257 0.5555188246895832 0.5555242948729175
1.0 0.769800358919501 0.5548895572697918 0.5548957088743754
1.0 0.9622504486493763 0.49984855231770836 0.49982049682979124
1.0 1.1547005383792515 0.34450321503541625 0.34449885259375
1.0 1.3471506281091268 0.4998485523177081 0.4998204968297909
1.0 1.539600717839002 0.5548895572697919 0.5548957088743758
1.0 1.7320508075688772 0.5555188246895832 0.5555242948729175
1.0 1.9245008972987525 0.5548895572697919 0.5548957088743756
1.0 2.116950987028628 0.49984855231770825 0.49982049682979135
1.0 2.309401076758503 0.34450321503541625 0.34449885259375
1.0833333333333333 -2.309401076758503 0.33288463595206147 0.33288854061814066
1.0833333333333333 -2.116950987028628 0.4889901349781457 0.4889868488745326
1.0833333333333333 -1.9245008972987525 0.55381163421948 0.5538158764624705
1.0833333333333333 -1.7320508075688772 0.5553462753785916 0.5553509167931806
1.0833333333333333 -1.539600717839002 0.5538124805978787 0.5538165407092974
1.0833333333333333 -1.3471506281091268 0.4889609369715361 0.48895814916558245
1.0833333333333333 -1.1547005383792515 0.33288463595206136 0.33288854061814066
1.0833333333333333 -0.9622504486493763 0.4889901349781457 0.4889868488745326
1.0833333333333333 -0.769800358919501 0.5538116342194808 0.5538158764624702
1.0833333333333333 -0.5773502691896257 0.5553462753785916 0.555350916793181
1.0833333333333333 -0.3849001794597505 0.5538124805978786 0.5538165407092974
1.0833333333333333 -0.19245008972987526 0.48896093697153586 0.48895814916558245
1.0833333333333333 0.0 0.332884635952061 0.33288854061814066
1.0833333333333333 0.19245008972987526 0.4889901349781455 0.4889868488745327
1.0833333333333333 0.3849001794597505 0.5538116342194805 0.5538158764624702
1.0833333333333333 0.5773502691896257 0.5553462753785914 0.5553509167931808
1.0833333333333333 0.769800358919501 0.5538124805978787 0.5538165407092976
1.0833333333333333 0.9622504486493763 0.48896093697153586 0.48895814916558245
1.0833333333333333 1.1547005383792515 0.33288463595206114 0.33288854061814077
1.0833333333333333 1.3471506281091268 0.48899013497814536 0.4889868488745328
1.0833333333333333 1.539600717839002 0.5538116342194805 0.5538158764624703
1.0833333333333333 1.7320508075688772 0.5553462753785914 0.5553509167931808
1.0833333333333333 1.9245008972987525 0.5538124805978782 0.5538165407092978
1.0833333333333333 2.116950987028628 0.48896093697153636 0.4889581491655821
1.0833333333333333 2.309401076758503 0.33288463595206125 0.33288854061814066
1.1666666666666667 -2.309401076758503 0.30535484406879837 0.30535800561769744
1.1666666666666667 -2.116950987028628 0.4396553622019627 0.43966938008895917
1.1666666666666667 -1.9245008972987525 0.549059047174327 0.5490580113793173
1.1666666666666667 -1.7320508075688772 0.5533364997103678 0.5533413858781348
1.1666666666666667 -1.539600717839002 0.5490505833147055 0.549049402519373
1.1666666666666667 -1.3471506281091268 0.4395990096048398 0.4396132632415154
1.1666666666666667 -1.1547005383792515 0.30535484406879826 0.30535800561769744
1.1666666666666667 -0.9622504486493763 0.4396553622019627 0.4396693800889593
1.1666666666666667 -0.769800358919501 0.5490590471743271 0.5490580113793174
1.1666666666666667 -0.5773502691896257 0.5533364997103677 0.5533413858781348
1.1666666666666667 -0.3849001794597505 0.5490505833147054 0.5490494025193733
1.1666666666666667 -0.19245008972987526 0.4395990096048401 0.4396132632415155
1.1666666666666667 0.0 0.3053548440687979 0.30535800561769744
1.1666666666666667 0.19245008972987526 0.4396553622019626 0.4396693800889593
1.1666666666666667 0.3849001794597505 0.5490590471743272 0.5490580113793172
1.1666666666666667 0.5773502691896257 0.5533364997103677 0.5533413858781348
1.1666666666666667 0.769800358919501 0.5490505833147055 0.5490494025193733
1.1666666666666667 0.9622504486493763 0.43959900960483994 0.4396132632415155
1.1666666666666667 1.1547005383792515 0.305354844068798 0.30535800561769744
1.1666666666666667 1.3471506281091268 0.4396553622019625 0.4396693800889593
1.1666666666666667 1.539600717839002 0.5490590471743273 0.5490580113793173
1.1666666666666667 1.7320508075688772 0.5533364997103676 0.5533413858781346
1.1666666666666667 1.9245008972987525 0.5490505833147052 0.5490494025193733
1.1666666666666667 2.116950987028628 0.43959900960483994 0.4396132632415152
1.1666666666666667 2.309401076758503 0.305354844068798 0.30535800561769744
1.25 -2.309401076758503 0.2826601198303071 0.28265945401240367
1.25 -2.116950987028628 0.3693983523221729 0.3694042120152241
1.25 -1.9245008972987525 0.5345610418191193 0.5345570419948934
1.25 -1.7320508075688772 0.5482981163613606 0.5482984163959299
1.25 -1.539600717839002 0.5345123657308165 0.5345083627249453
1.25 -1.3471506281091268 0.3693360487612246 0.36934034758160517
1.25 -1.1547005383792515 0.28266011983030714 0.2826594540124038
1.25 -0.9622504486493763 0.3693983523221728 0.3694042120152241
1.25 -0.769800358919501 0.5345610418191195 0.5345570419948934
1.25 -0.5773502691896257 0.5482981163613603 0.5482984163959298
1.25 -0.3849001794597505 0.5345123657308164 0.5345083627249452
1.25 -0.19245008972987526 0.3693360487612247 0.36934034758160517
1.25 0.0 0.28266011983030725 0.2826594540124038
1.25 0.19245008972987526 0.3693983523221729 0.369404212015224
1.25 0.3849001794597505 0.5345610418191195 0.5345570419948931
1.25 0.5773502691896257 0.5482981163613602 0.5482984163959296
1.25 0.769800358919501 0.5345123657308162 0.5345083627249455
1.25 0.9622504486493763 0.3693360487612246 0.3693403475816054
1.25 1.1547005383792515 0.28266011983030737 0.2826594540124039
1.25 1.3471506281091268 0.36939835232217255 0.369404212015224
1.25 1.539600717839002 0.5345610418191198 0.5345570419948928
1.25 1.7320508075688772 0.5482981163613598 0.5482984163959296
1.25 1.9245008972987525 0.5345123657308158 0.5345083627249452
1.25 2.116950987028628 0.3693360487612246 0.3693403475816056
1.25 2.309401076758503 0.2826601198303073 0.2826594540124038
1.3333333333333333 -2.309401076758503 0.2731841191164582 0.2731891029510416
1.3333333333333333 -2.116950987028628 0.3315374662947918 0.33154655748437467
1.3333333333333333 -1.9245008972987525 0.49409715870333343 0.4941094647816675
1.3333333333333333 -1.7320508075688772 0.536381613546042 0.5363928626281255
1.3333333333333333 -1.539600717839002 0.49397406636770874 0.4939864564697912
1.3333333333333333 -1.3471506281091268 0.33156164922166576 0.33157046443500027
1.3333333333333333 -1.1547005383792515 0.2731841191164582 0.2731891029510415
1.3333333333333333 -0.9622504486493763 0.3315374662947919 0.3315465574843748
1.3333333333333333 -0.769800358919501 0.4940971587033333 0.4941094647816676
1.3333333333333333 -0.5773502691896257 0.536381613546042 0.5363928626281255
1.3333333333333333 -0.3849001794597505 0.49397406636770874 0.4939864564697912
1.3333333333333333 -0.19245008972987526 0.331561649221666 0.33157046443500027
1.3333333333333333 0.0 0.2731841191164582 0.2731891029510415
1.3333333333333333 0.19245008972987526 0.3315374662947919 0.3315465574843748
1.3333333333333333 0.3849001794597505 0.4940971587033333 0.4941094647816675
1.3333333333333333 0.5773502691896257 0.536381613546042 0.5363928626281251
1.3333333333333333 0.769800358919501 0.49397406636770863 0.4939864564697912
1.3333333333333333 0.9622504486493763 0.331561649221666 0.3315704644350005
1.3333333333333333 1.1547005383792515 0.2731841191164583 0.2731891029510415
1.3333333333333333 1.3471506281091268 0.33153746629479147 0.33154655748437467
1.3333333333333333 1.539600717839002 0.49409715870333343 0.4941094647816674
1.3333333333333333 1.7320508075688772 0.5363816135460416 0.5363928626281247
1.3333333333333333 1.9245008972987525 0.4939740663677083 0.49398645646979145
1.3333333333333333 2.116950987028628 0.33156164922166587 0.3315704644350004
1.3333333333333333 2.309401076758503 0.2731841191164582 0.27318910295104126
1.4166666666666667 -2.309401076758503 0.28624936754702124 0.2862550041223768
1.4166666666666667 -2.116950987028628 0.32949753298454415 0.329507744429245
1.4166666666666667 -1.9245008972987525 0.4232077962157807 0.4232284505579851
1.4166666666666667 -1.7320508075688772 0.4567406316806578 0.45674912505796716
1.4166666666666667 -1.539600717839002 0.4230902353827742 0.42311094578436814
1.4166666666666667 -1.3471506281091268 0.32963483876653005 0.3296458849498538
1.4166666666666667 -1.1547005383792515 0.28624936754702124 0.2862550041223768
1.4166666666666667 -0.9622504486493763 0.32949753298454415 0.329507744429245
1.4166666666666667 -0.769800358919501 0.4232077962157807 0.4232284505579852
1.4166666666666667 -0.5773502691896257 0.4567406316806579 0.45674912505796694
1.4166666666666667 -0.3849001794597505 0.4230902353827743 0.42311094578436825
1.4166666666666667 -0.19245008972987526 0.32963483876653027 0.3296458849498535
1.4166666666666667 0.0 0.28624936754702135 0.28625500412237703
1.4166666666666667 0.19245008972987526 0.32949753298454404 0.329507744429245
1.4166666666666667 0.3849001794597505 0.4232077962157808 0.42322845055798497
1.4166666666666667 0.5773502691896257 0.4567406316806579 0.45674912505796694
1.4166666666666667 0.769800358919501 0.4230902353827742 0.42311094578436825
1.4166666666666667 0.9622504486493763 0.32963483876653016 0.3296458849498536
1.4166666666666667 1.1547005383792515 0.2862493675470211 0.28625500412237703
1.4166666666666667 1.3471506281091268 0.329497532984544 0.3295077444292449
1.4166666666666667 1.539600717839002 0.4232077962157808 0.4232284505579851
1.4166666666666667 1.7320508075688772 0.45674063168065804 0.45674912505796694
1.4166666666666667 1.9245008972987525 0.42309023538277396 0.42311094578436803
1.4166666666666667 2.116950987028628 0.32963483876653016 0.3296458849498537
1.4166666666666667 2.309401076758503 0.2862493675470211 0.28625500412237725
1.5 -2.309401076758503 0.33353356994583344 0.3335527636916663
1.5 -2.116950987028628 0.36087585614357703 0.36088153465316775
1.5 -1.9245008972987525 0.360875856143577 0.3608815346531682
1.5 -1.7320508075688772 0.33353356994583344 0.3335527636916664
1.5 -1.539600717839002 0.3609432296355903 0.3609494524926645
1.5 -1.3471506281091268 0.3609432296355901 0.36094945249266464
1.5 -1.1547005383792515 0.33353356994583344 0.3335527636916664
1.5 -0.9622504486493763 0.3608758561435769 0.36088153465316775
1.5 -0.769800358919501 0.3608758561435772 0.36088153465316786
1.5 -0.5773502691896257 0.33353356994583355 0.3335527636916664
1.5 -0.3849001794597505 0.3609432296355904 0.3609494524926645
1.5 -0.19245008972987526 0.3609432296355902 0.3609494524926643
1.5 0.0 0.33353356994583355 0.3335527636916664
1.5 0.19245008972987526 0.3608758561435771 0.36088153465316763
1.5 0.3849001794597505 0.36087585614357715 0.36088153465316786
1.5 0.5773502691896257 0.33353356994583355 0.3335527636916664
1.5 0.769800358919501 0.36094322963559033 0.36094945249266464
1.5 0.9622504486493763 0.3609432296355903 0.3609494524926645
1.5 1.1547005383792515 0.33353356994583344 0.3335527636916664
1.5 1.3471506281091268 0.360875856143577 0.3608815346531681
1.5 1.539600717839002 0.36087585614357726 0.36088153465316797
1.5 1.7320508075688772 0.33353356994583344 0.3335527636916664
1.5 1.9245008972987525 0.3609432296355902 0.3609494524926645
1.5 2.116950987028628 0.3609432296355904 0.3609494524926645
1.5 2.309401076758503 0.33353356994583344 0.3335527636916663
1.5833333333333333 -2.309401076758503 0.4567406316806579 0.4567491250579666
1.5833333333333333 -2.116950987028628 0.4232077962157805 0.4232284505579844
1.5833333333333333 -1.9245008972987525 0.3294975329845442 0.329507744429245
1.5833333333333333 -1.7320508075688772 0.2862493675470211 0.2862550041223769
1.5833333333333333 -1.539600717839002 0.32963483876653027 0.3296458849498539
1.5833333333333333 -1.3471506281091268 0.4230902353827737 0.42311094578436814
1.5833333333333333 -1.1547005383792515 0.4567406316806579 0.45674912505796683
1.5833333333333333 -0.9622504486493763 0.42320779621578036 0.4232284505579845
1.5833333333333333 -0.769800358919501 0.3294975329845441 0.3295077444292449
1.5833333333333333 -0.5773502691896257 0.28624936754702146 0.28625500412237703
1.5833333333333333 -0.3849001794597505 0.32963483876653027 0.3296458849498536
1.5833333333333333 -0.19245008972987526 0.4230902353827739 0.42311094578436814
1.5833333333333333 0.0 0.4567406316806577 0.45674912505796683
1.5833333333333333 0.19245008972987526 0.4232077962157807 0.42322845055798497
1.5833333333333333 0.3849001794597505 0.3294975329845441 0.32950774442924513
1.5833333333333333 0.5773502691896257 0.28624936754702146 0.28625500412237703
1.5833333333333333 0.769800358919501 0.32963483876653027 0.3296458849498535
1.5833333333333333 0.9622504486493763 0.4230902353827741 0.4231109457843679
1.5833333333333333 1.1547005383792515 0.4567406316806576 0.45674912505796694
1.5833333333333333 1.3471506281091268 0.4232077962157806 0.4232284505579852
1.5833333333333333 1.539600717839002 0.3294975329845443 0.32950774442924513
1.5833333333333333 1.7320508075688772 0.28624936754702124 0.2862550041223768
1.5833333333333333 1.9245008972987525 0.32963483876653005 0.3296458849498538
1.5833333333333333 2.116950987028628 0.4230902353827738 0.4231109457843678
1.5833333333333333 2.309401076758503 0.4567406316806576 0.45674912505796694
1.6666666666666667 -2.309401076758503 0.5363816135460417 0.5363928626281249
1.6666666666666667 -2.116950987028628 0.49409715870333343 0.4941094647816673
1.6666666666666667 -1.9245008972987525 0.3315374662947916 0.33154655748437445
1.6666666666666667 -1.7320508075688772 0.27318411911645835 0.2731891029510415
1.6666666666666667 -1.539600717839002 0.33156164922166603 0.3315704644350004
1.6666666666666667 -1.3471506281091268 0.4939740663677084 0.4939864564697911
1.6666666666666667 -1.1547005383792515 0.536381613546042 0.5363928626281249
1.6666666666666667 -0.9622504486493763 0.49409715870333315 0.4941094647816672
1.6666666666666667 -0.769800358919501 0.3315374662947918 0.33154655748437467
1.6666666666666667 -0.5773502691896257 0.2731841191164583 0.2731891029510415
1.6666666666666667 -0.3849001794597505 0.331561649221666 0.33157046443500027
1.6666666666666667 -0.19245008972987526 0.49397406636770863 0.4939864564697912
1.6666666666666667 0.0 0.5363816135460422 0.5363928626281254
1.6666666666666667 0.19245008972987526 0.49409715870333326 0.4941094647816672
1.6666666666666667 0.3849001794597505 0.3315374662947917 0.33154655748437467
1.6666666666666667 0.5773502691896257 0.2731841191164582 0.2731891029510416
1.6666666666666667 0.769800358919501 0.331561649221666 0.3315704644350004
1.6666666666666667 0.9622504486493763 0.49397406636770863 0.49398645646979145
1.6666666666666667 1.1547005383792515 0.5363816135460421 0.5363928626281256
1.6666666666666667 1.3471506281091268 0.49409715870333315 0.4941094647816676
1.6666666666666667 1.539600717839002 0.3315374662947918 0.33154655748437456
1.6666666666666667 1.7320508075688772 0.2731841191164584 0.2731891029510418
1.6666666666666667 1.9245008972987525 0.33156164922166564 0.33157046443500016
1.6666666666666667 2.116950987028628 0.4939740663677088 0.4939864564697912
1.6666666666666667 2.309401076758503 0.5363816135460419 0.5363928626281254
1.75 -2.309401076758503 0.5482981163613599 0.5482984163959297
1.75 -2.116950987028628 0.5345610418191199 0.5345570419948926
1.75 -1.9245008972987525 0.36939835232217244 0.369404212015224
1.75 -1.7320508075688772 0.2826601198303074 0.2826594540124038
1.75 -1.539600717839002 0.3693360487612245 0.36934034758160517
1.75 -1.3471506281091268 0.534512365730816 0.5345083627249454
1.75 -1.1547005383792515 0.5482981163613599 0.5482984163959296
1.75 -0.9622504486493763 0.5345610418191196 0.5345570419948931
1.75 -0.769800358919501 0.3693983523221729 0.369404212015224
1.75 -0.5773502691896257 0.28266011983030737 0.2826594540124039
1.75 -0.3849001794597505 0.3693360487612246 0.36934034758160517
1.75 -0.19245008972987526 0.5345123657308162 0.5345083627249453
1.75 0.0 0.5482981163613604 0.5482984163959297
1.75 0.19245008972987526 0.5345610418191195 0.5345570419948931
1.75 0.3849001794597505 0.3693983523221728 0.369404212015224
1.75 0.5773502691896257 0.28266011983030725 0.2826594540124038
1.75 0.769800358919501 0.3693360487612247 0.3693403475816053
1.75 0.9622504486493763 0.5345123657308165 0.5345083627249452
1.75 1.1547005383792515 0.5482981163613606 0.5482984163959298
1.75 1.3471506281091268 0.5345610418191195 0.5345570419948935
1.75 1.539600717839002 0.3693983523221728 0.3694042120152239
1.75 1.7320508075688772 0.2826601198303072 0.2826594540124038
1.75 1.9245008972987525 0.36933604876122456 0.3693403475816053
1.75 2.116950987028628 0.5345123657308162 0.5345083627249452
1.75 2.309401076758503 0.5482981163613607 0.5482984163959298
1.8333333333333333 -2.309401076758503 0.5533364997103676 0.5533413858781348
1.8333333333333333 -2.116950987028628 0.5490590471743274 0.5490580113793173
1.8333333333333333 -1.9245008972987525 0.4396553622019625 0.4396693800889594
1.8333333333333333 -1.7320508075688772 0.3053548440687981 0.3053580056176973
1.8333333333333333 -1.539600717839002 0.43959900960483994 0.4396132632415153
1.8333333333333333 -1.3471506281091268 0.5490505833147056 0.5490494025193733
1.8333333333333333 -1.1547005383792515 0.5533364997103677 0.5533413858781348
1.8333333333333333 -0.9622504486493763 0.5490590471743275 0.5490580113793174
1.8333333333333333 -0.769800358919501 0.4396553622019626 0.4396693800889594
1.8333333333333333 -0.5773502691896257 0.3053548440687982 0.30535800561769755
1.8333333333333333 -0.3849001794597505 0.43959900960483983 0.4396132632415152
1.8333333333333333 -0.19245008972987526 0.5490505833147057 0.5490494025193731
1.8333333333333333 0.0 0.5533364997103677 0.5533413858781346
1.8333333333333333 0.19245008972987526 0.5490590471743273 0.5490580113793173
1.8333333333333333 0.3849001794597505 0.4396553622019625 0.43966938008895906
1.8333333333333333 0.5773502691896257 0.30535484406879826 0.30535800561769744
1.8333333333333333 0.769800358919501 0.4395990096048399 0.4396132632415155
1.8333333333333333 0.9622504486493763 0.5490505833147058 0.5490494025193732
1.8333333333333333 1.1547005383792515 0.5533364997103678 0.5533413858781349
1.8333333333333333 1.3471506281091268 0.5490590471743272 0.5490580113793174
1.8333333333333333 1.539600717839002 0.4396553622019627 0.43966938008895906
1.8333333333333333 1.7320508075688772 0.30535484406879837 0.30535800561769755
1.8333333333333333 1.9245008972987525 0.43959900960483966 0.4396132632415154
1.8333333333333333 2.116950987028628 0.5490505833147055 0.549049402519373
1.8333333333333333 2.309401076758503 0.5533364997103677 0.5533413858781348
1.9166666666666667 -2.309401076758503 0.5553462753785913 0.5553509167931809
1.9166666666666667 -2.116950987028628 0.5538116342194808 0.5538158764624707
1.9166666666666667 -1.9245008972987525 0.48899013497814536 0.4889868488745327
1.9166666666666667 -1.7320508075688772 0.33288463595206125 0.33288854061814055
1.9166666666666667 -1.539600717839002 0.4889609369715358 0.4889581491655819
1.9166666666666667 -1.3471506281091268 0.5538124805978785 0.5538165407092978
1.9166666666666667 -1.1547005383792515 0.5553462753785917 0.5553509167931808
1.9166666666666667 -0.9622504486493763 0.5538116342194808 0.5538158764624708
1.9166666666666667 -0.769800358919501 0.4889901349781456 0.4889868488745327
1.9166666666666667 -0.5773502691896257 0.332884635952061 0.33288854061814066
1.9166666666666667 -0.3849001794597505 0.48896093697153586 0.4889581491655819
1.9166666666666667 -0.19245008972987526 0.5538124805978786 0.5538165407092976
1.9166666666666667 0.0 0.5553462753785917 0.5553509167931808
1.9166666666666667 0.19245008972987526 0.5538116342194807 0.5538158764624703
1.9166666666666667 0.3849001794597505 0.4889901349781455 0.48898684887453225
1.9166666666666667 0.5773502691896257 0.33288463595206114 0.33288854061814066
1.9166666666666667 0.769800358919501 0.488960936971536 0.48895814916558233
1.9166666666666667 0.9622504486493763 0.5538124805978786 0.5538165407092978
1.9166666666666667 1.1547005383792515 0.5553462753785916 0.5553509167931807
1.9166666666666667 1.3471506281091268 0.5538116342194805 0.5538158764624705
1.9166666666666667 1.539600717839002 0.4889901349781455 0.48898684887453214
1.9166666666666667 1.7320508075688772 0.33288463595206136 0.33288854061814077
1.9166666666666667 1.9245008972987525 0.48896093697153625 0.48895814916558245
1.9166666666666667 2.116950987028628 0.5538124805978788 0.5538165407092978
1.9166666666666667 2.309401076758503 0.5553462753785915 0.5553509167931806
2.0 -2.309401076758503 0.5555188246895832 0.5555242948729175
2.0 -2.116950987028628 0.5548895572697918 0.5548957088743756
2.0 -1.9245008972987525 0.49984855231770836 0.4998204968297909
2.0 -1.7320508075688772 0.34450321503541625 0.34449885259375
2.0 -1.539600717839002 0.4998485523177084 0.49982049682979124
2.0 -1.3471506281091268 0.5548895572697922 0.5548957088743758
2.0 -1.1547005383792515 0.5555188246895832 0.5555242948729175
2.0 -0.9622504486493763 0.5548895572697919 0.5548957088743756
2.0 -0.769800358919501 0.49984855231770825 0.49982049682979124
2.0 -0.5773502691896257 0.34450321503541625 0.34449885259375
2.0 -0.3849001794597505 0.4998485523177083 0.4998204968297911
2.0 -0.19245008972987526 0.5548895572697917 0.5548957088743758
2.0 0.0 0.5555188246895832 0.5555242948729175
2.0 0.19245008972987526 0.5548895572697918 0.5548957088743754
2.0 0.3849001794597505 0.49984855231770836 0.49982049682979146
2.0 0.5773502691896257 0.34450321503541625 0.34449885259375
2.0 0.769800358919501 0.49984855231770836 0.4998204968297911
2.0 0.9622504486493763 0.5548895572697917 0.5548957088743758
2.0 1.1547005383792515 0.5555188246895832 0.5555242948729175
2.0 1.3471506281091268 0.5548895572697919 0.5548957088743754
2.0 1.539600717839002 0.49984855231770847 0.49982049682979135
2.0 1.7320508075688772 0.34450321503541625 0.34449885259375
2.0 1.9245008972987525 0.4998485523177085 0.4998204968297911
2.0 2.116950987028628 0.5548895572697915 0.5548957088743754
2.0 2.309401076758503 0.5555188246895832 0.5555242948729175
