0.028 2.9323811312500005 2.93238113125 0.8401198833333338 0.6438984050002258 0.209802425
0.056 1.7557511034875006 1.7557511034875 0.49002100552499983 0.7860763583031976 0.08430282552499992
0.083 1.322887610617501 1.3228876106175003 0.6572395973825003 0.774460327548999 0.23044508586750004
0.111 1.529091935345832 1.5290919353458317 0.7639850973583326 0.718168817673829 0.1518622893083333
0.194 1.3062293534583338 1.3062293534583334 0.7682484434666661 0.6313497712944971 0.16458219558333337
0.222 1.0602920801441662 1.0228839766958324 0.950031664591666 0.5737690192279313 0.1422281341083333
0.25 1.0985283130155508 0.9855258465462486 0.9118179912074995 0.5457736673951963 0.1475900539075
0.306 0.8653457054583336 0.8098282832916657 0.8653457054583336 0.5356923659924926 0.12288657254166684
0.333 0.813545026750001 0.770965604791666 0.813545026750001 0.5291674660507606 0.1222901834166664
0.472 0.5388475352999997 0.49044982658749947 0.5388475352999997 0.4694996807245207 0.11936621894999995
0.556 0.430198398699167 0.39457757132458326 0.430198398699167 0.3978710861534062 0.11122602465083331
0.667 0.30442868887500035 0.29004314680416654 0.30442868887500035 0.30010989809378036 0.09655735979166669
