0.014 5.237227429041678 5.237227429041678 0.6909524385833321 0.6012665427818443 0.11044520441666655
0.097 1.6706576557119068 1.5705249408638378 0.7165174147263332 0.7808361876314318 0.1173232508263333
0.111 1.7259405654154183 1.7259405654154178 0.7629028724866678 0.7128515203645339 0.1180101909966668
0.139 1.7426331259054177 1.742633125905417 0.7686267384616684 0.6642951721904284 0.11452265871166649
0.194 1.5854824603566684 1.5854824603566673 0.8567355891741684 0.6209810968893499 0.11058710984916656
0.25 1.3550628006094416 1.2084671702041647 0.948564947841667 0.5694383534467822 0.0797487507666667
0.292 1.003138535911678 0.9555723208868763 0.9568567833820842 0.5434720964714754 0.07332113850125001
0.333 0.8681788257650889 0.7915674745760376 0.8681788257650889 0.5384860638830955 0.06947770716667057
0.403 0.7095294149367484 0.6403378383346237 0.7095294149367484 0.5316355980610963 0.059478560013249984
0.5 0.5210623517541683 0.46745419542499966 0.5210623517541683 0.4923833231811931 0.05797061043749997
0.611 0.3617569594477494 0.33368861777470826 0.3617569594477494 0.3508978736352808 0.05307484287558324
