-2.0 -2.309401076758503 0.7623391825832923 0.7623395204224173
-2.0 -2.116950987028628 0.7201199884583529 0.7201203065804579
-2.0 -1.9245008972987525 0.056487192333354225 0.05648711966379162
-2.0 -1.7320508075688772 0.04233258033329179 0.04233242408908334
-2.0 -1.539600717839002 0.05648719233335404 0.05648711966379145
-2.0 -1.3471506281091268 0.7201199884583535 0.7201203065804572
-2.0 -1.1547005383792515 0.7623391825832923 0.7623395204224173
-2.0 -0.9622504486493763 0.7201199884583531 0.7201203065804576
-2.0 -0.769800358919501 0.05648719233335417 0.05648711966379157
-2.0 -0.5773502691896257 0.04233258033329179 0.04233242408908334
-2.0 -0.3849001794597505 0.05648719233335397 0.05648711966379126
-2.0 -0.19245008972987526 0.7201199884583531 0.7201203065804568
-2.0 0.0 0.7623391825832923 0.7623395204224173
-2.0 0.19245008972987526 0.7201199884583526 0.7201203065804572
-2.0 0.3849001794597505 0.056487192333353954 0.056487119663791364
-2.0 0.5773502691896257 0.04233258033329179 0.04233242408908334
-2.0 0.769800358919501 0.05648719233335404 0.056487119663791545
-2.0 0.9622504486493763 0.7201199884583532 0.7201203065804578
-2.0 1.1547005383792515 0.7623391825832923 0.7623395204224173
-2.0 1.3471506281091268 0.7201199884583535 0.7201203065804576
-2.0 1.539600717839002 0.05648719233335416 0.05648711966379151
-2.0 1.7320508075688772 0.04233258033329179 0.04233242408908334
-2.0 1.9245008972987525 0.056487192333354176 0.05648711966379164
-2.0 2.116950987028628 0.7201199884583527 0.7201203065804577
-2.0 2.309401076758503 0.7623391825832923 0.7623395204224173
-1.9166666666666667 -2.309401076758503 0.7578613502841812 0.757861678107001
-1.9166666666666667 -2.116950987028628 0.7194012227749862 0.7194013278295481
-1.9166666666666667 -1.9245008972987525 0.054642173365379645 0.05464212327986437
-1.9166666666666667 -1.7320508075688772 0.0413112777455767 0.0413111150118857
-1.9166666666666667 -1.539600717839002 0.05467480602133604 0.05467469695238985
-1.9166666666666667 -1.3471506281091268 0.7194116942113035 0.7194117103214397
-1.9166666666666667 -1.1547005383792515 0.7578613502841809 0.7578616781070004
-1.9166666666666667 -0.9622504486493763 0.7194012227749861 0.719401327829548
-1.9166666666666667 -0.769800358919501 0.05464217336537989 0.054642123279864695
-1.9166666666666667 -0.5773502691896257 0.04131127774557683 0.0413111150118858
-1.9166666666666667 -0.3849001794597505 0.05467480602133629 0.054674696952390175
-1.9166666666666667 -0.19245008972987526 0.7194116942113036 0.7194117103214404
-1.9166666666666667 0.0 0.7578613502841814 0.7578616781070006
-1.9166666666666667 0.19245008972987526 0.7194012227749861 0.7194013278295477
-1.9166666666666667 0.3849001794597505 0.05464217336537996 0.05464212327986461
-1.9166666666666667 0.5773502691896257 0.04131127774557681 0.04131111501188575
-1.9166666666666667 0.769800358919501 0.05467480602133632 0.05467469695239007
-1.9166666666666667 0.9622504486493763 0.719411694211303 0.7194117103214401
-1.9166666666666667 1.1547005383792515 0.7578613502841811 0.7578616781069998
-1.9166666666666667 1.3471506281091268 0.7194012227749862 0.719401327829548
-1.9166666666666667 1.539600717839002 0.0546421733653796 0.054642123279864334
-1.9166666666666667 1.7320508075688772 0.04131127774557667 0.04131111501188568
-1.9166666666666667 1.9245008972987525 0.054674806021336175 0.054674696952389884
-1.9166666666666667 2.116950987028628 0.7194116942113027 0.71941171032144
-1.9166666666666667 2.309401076758503 0.757861350284181 0.7578616781070007
-1.8333333333333333 -2.309401076758503 0.7432099890513221 0.7432102742525367
-1.8333333333333333 -2.116950987028628 0.42435392006758826 0.4243550550687149
-1.8333333333333333 -1.9245008972987525 0.05092142347509311 0.0509214337951202
-1.8333333333333333 -1.7320508075688772 0.04035215511530114 0.040352049378213024
-1.8333333333333333 -1.539600717839002 0.050960707424036904 0.050960627824535046
-1.8333333333333333 -1.3471506281091268 0.42443167461665626 0.424432788180879
-1.8333333333333333 -1.1547005383792515 0.7432099890513223 0.743210274252537
-1.8333333333333333 -0.9622504486493763 0.42435392006758804 0.4243550550687143
-1.8333333333333333 -0.769800358919501 0.05092142347509281 0.050921433795119875
-1.8333333333333333 -0.5773502691896257 0.04035215511530111 0.04035204937821311
-1.8333333333333333 -0.3849001794597505 0.050960707424036675 0.05096062782453496
-1.8333333333333333 -0.19245008972987526 0.42443167461665604 0.42443278818087915
-1.8333333333333333 0.0 0.7432099890513221 0.7432102742525367
-1.8333333333333333 0.19245008972987526 0.4243539200675882 0.4243550550687144
-1.8333333333333333 0.3849001794597505 0.05092142347509276 0.05092143379511982
-1.8333333333333333 0.5773502691896257 0.04035215511530108 0.04035204937821309
-1.8333333333333333 0.769800358919501 0.05096070742403661 0.05096062782453482
-1.8333333333333333 0.9622504486493763 0.424431674616656 0.4244327881808791
-1.8333333333333333 1.1547005383792515 0.7432099890513222 0.7432102742525369
-1.8333333333333333 1.3471506281091268 0.42435392006758826 0.4243550550687144
-1.8333333333333333 1.539600717839002 0.05092142347509279 0.05092143379511999
-1.8333333333333333 1.7320508075688772 0.04035215511530104 0.040352049378213066
-1.8333333333333333 1.9245008972987525 0.05096070742403691 0.05096062782453512
-1.8333333333333333 2.116950987028628 0.4244316746166559 0.42443278818087943
-1.8333333333333333 2.309401076758503 0.7432099890513224 0.7432102742525366
-1.75 -2.309401076758503 0.43138123791887084 0.43138212720628544
-1.75 -2.116950987028628 0.13449001619159573 0.13449045943429216
-1.75 -1.9245008972987525 0.047526306373883706 0.04752632973691422
-1.75 -1.7320508075688772 0.040791812497795475 0.04079173004371508
-1.75 -1.539600717839002 0.0475524274277369 0.04755235063962135
-1.75 -1.3471506281091268 0.13452005959011681 0.13452038793917248
-1.75 -1.1547005383792515 0.4313812379188706 0.4313821272062856
-1.75 -0.9622504486493763 0.1344900161915958 0.13449045943429214
-1.75 -0.769800358919501 0.04752630637388371 0.047526329736914195
-1.75 -0.5773502691896257 0.04079181249779558 0.0407917300437152
-1.75 -0.3849001794597505 0.04755242742773676 0.04755235063962131
-1.75 -0.19245008972987526 0.1345200595901173 0.13452038793917287
-1.75 0.0 0.4313812379188706 0.4313821272062859
-1.75 0.19245008972987526 0.13449001619159617 0.13449045943429233
-1.75 0.3849001794597505 0.04752630637388388 0.047526329736914286
-1.75 0.5773502691896257 0.040791812497795524 0.0407917300437151
-1.75 0.769800358919501 0.047552427427736736 0.047552350639621266
-1.75 0.9622504486493763 0.13452005959011704 0.13452038793917273
-1.75 1.1547005383792515 0.43138123791887073 0.4313821272062859
-1.75 1.3471506281091268 0.13449001619159595 0.13449045943429225
-1.75 1.539600717839002 0.04752630637388386 0.04752632973691427
-1.75 1.7320508075688772 0.04079181249779549 0.040791730043715
-1.75 1.9245008972987525 0.04755242742773665 0.047552350639621245
-1.75 2.116950987028628 0.1345200595901169 0.13452038793917248
-1.75 2.309401076758503 0.43138123791887084 0.4313821272062859
-1.6666666666666667 -2.309401076758503 0.11113462514585382 0.11113476126795817
-1.6666666666666667 -2.116950987028628 0.08672516093329188 0.08672520767866683
-1.6666666666666667 -1.9245008972987525 0.04604466379585419 0.046044713761708225
-1.6666666666666667 -1.7320508075688772 0.04106799152085427 0.04106797060129176
-1.6666666666666667 -1.539600717839002 0.046045070558291885 0.04604494259533352
-1.6666666666666667 -1.3471506281091268 0.0867781082958544 0.08677803309504176
-1.6666666666666667 -1.1547005383792515 0.11113462514585382 0.1111347612679581
-1.6666666666666667 -0.9622504486493763 0.08672516093329218 0.08672520767866708
-1.6666666666666667 -0.769800358919501 0.0460446637958543 0.046044713761708427
-1.6666666666666667 -0.5773502691896257 0.04106799152085418 0.04106797060129167
-1.6666666666666667 -0.3849001794597505 0.04604507055829167 0.046044942595333115
-1.6666666666666667 -0.19245008972987526 0.08677810829585432 0.08677803309504159
-1.6666666666666667 0.0 0.11113462514585402 0.11113476126795836
-1.6666666666666667 0.19245008972987526 0.0867251609332917 0.0867252076786666
-1.6666666666666667 0.3849001794597505 0.046044663795854174 0.04604471376170815
-1.6666666666666667 0.5773502691896257 0.04106799152085412 0.04106797060129167
-1.6666666666666667 0.769800358919501 0.046045070558291885 0.04604494259533345
-1.6666666666666667 0.9622504486493763 0.0867781082958547 0.0867780330950421
-1.6666666666666667 1.1547005383792515 0.11113462514585391 0.11113476126795789
-1.6666666666666667 1.3471506281091268 0.08672516093329169 0.0867252076786667
-1.6666666666666667 1.539600717839002 0.04604466379585451 0.046044713761708544
-1.6666666666666667 1.7320508075688772 0.04106799152085422 0.04106797060129175
-1.6666666666666667 1.9245008972987525 0.046045070558291684 0.04604494259533324
-1.6666666666666667 2.116950987028628 0.08677810829585428 0.08677803309504183
-1.6666666666666667 2.309401076758503 0.11113462514585408 0.11113476126795821
-1.5833333333333333 -2.309401076758503 0.07752976171108901 0.077529778323672
-1.5833333333333333 -2.116950987028628 0.06403339077259121 0.06403353939044755
-1.5833333333333333 -1.9245008972987525 0.04725636944272313 0.04725644163504506
-1.5833333333333333 -1.7320508075688772 0.044425106092484234 0.044425123057441215
-1.5833333333333333 -1.539600717839002 0.04722153373405854 0.04722143725824642
-1.5833333333333333 -1.3471506281091268 0.0640432538442879 0.064043266333017
-1.5833333333333333 -1.1547005383792515 0.07752976171108954 0.0775297783236728
-1.5833333333333333 -0.9622504486493763 0.06403339077259118 0.06403353939044756
-1.5833333333333333 -0.769800358919501 0.047256369442723156 0.04725644163504492
-1.5833333333333333 -0.5773502691896257 0.044425106092484505 0.04442512305744162
-1.5833333333333333 -0.3849001794597505 0.04722153373405884 0.04722143725824662
-1.5833333333333333 -0.19245008972987526 0.06404325384428768 0.06404326633301699
-1.5833333333333333 0.0 0.07752976171108922 0.07752977832367242
-1.5833333333333333 0.19245008972987526 0.06403339077259103 0.06403353939044731
-1.5833333333333333 0.3849001794597505 0.04725636944272318 0.04725644163504501
-1.5833333333333333 0.5773502691896257 0.04442510609248456 0.04442512305744157
-1.5833333333333333 0.769800358919501 0.04722153373405878 0.04722143725824659
-1.5833333333333333 0.9622504486493763 0.06404325384428775 0.06404326633301696
-1.5833333333333333 1.1547005383792515 0.07752976171108973 0.07752977832367279
-1.5833333333333333 1.3471506281091268 0.06403339077259101 0.06403353939044741
-1.5833333333333333 1.539600717839002 0.047256369442722934 0.047256441635044714
-1.5833333333333333 1.7320508075688772 0.04442510609248422 0.0444251230574412
-1.5833333333333333 1.9245008972987525 0.047221533734058796 0.047221437258246624
-1.5833333333333333 2.116950987028628 0.06404325384428777 0.06404326633301713
-1.5833333333333333 2.309401076758503 0.07752976171108913 0.07752977832367201
-1.5 -2.309401076758503 0.05752806145837471 0.05752802049424977
-1.5 -2.116950987028628 0.053248222668502834 0.05324828462125025
-1.5 -1.9245008972987525 0.05324822266850242 0.053248284621249885
-1.5 -1.7320508075688772 0.05752806145837469 0.05752802049424971
-1.5 -1.539600717839002 0.05321361362312245 0.05321356638450023
-1.5 -1.3471506281091268 0.053213613623122505 0.053213566384500165
-1.5 -1.1547005383792515 0.05752806145837474 0.05752802049424977
-1.5 -0.9622504486493763 0.05324822266850252 0.053248284621249954
-1.5 -0.769800358919501 0.05324822266850254 0.05324828462124997
-1.5 -0.5773502691896257 0.05752806145837496 0.05752802049425002
-1.5 -0.3849001794597505 0.0532136136231223 0.05321356638450009
-1.5 -0.19245008972987526 0.05321361362312244 0.053213566384500074
-1.5 0.0 0.05752806145837489 0.05752802049424998
-1.5 0.19245008972987526 0.05324822266850263 0.053248284621249996
-1.5 0.3849001794597505 0.053248222668502494 0.05324828462124998
-1.5 0.5773502691896257 0.05752806145837492 0.05752802049424998
-1.5 0.769800358919501 0.05321361362312243 0.05321356638450007
-1.5 0.9622504486493763 0.05321361362312224 0.0532135663845
-1.5 1.1547005383792515 0.05752806145837481 0.057528020494249855
-1.5 1.3471506281091268 0.053248222668502695 0.05324828462125
-1.5 1.539600717839002 0.053248222668502675 0.05324828462125017
-1.5 1.7320508075688772 0.05752806145837466 0.057528020494249724
-1.5 1.9245008972987525 0.0532136136231223 0.053213566384499957
-1.5 2.116950987028628 0.05321361362312259 0.05321356638450046
-1.5 2.309401076758503 0.05752806145837481 0.05752802049424984
-1.4166666666666667 -2.309401076758503 0.044425106092484776 0.04442512305744183
-1.4166666666666667 -2.116950987028628 0.04725636944272339 0.04725644163504523
-1.4166666666666667 -1.9245008972987525 0.06403339077259103 0.06403353939044744
-1.4166666666666667 -1.7320508075688772 0.07752976171108988 0.0775297783236728
-1.4166666666666667 -1.539600717839002 0.06404325384428779 0.0640432663330171
-1.4166666666666667 -1.3471506281091268 0.04722153373405881 0.04722143725824664
-1.4166666666666667 -1.1547005383792515 0.044425106092484186 0.044425123057441306
-1.4166666666666667 -0.9622504486493763 0.04725636944272341 0.04725644163504519
-1.4166666666666667 -0.769800358919501 0.06403339077259108 0.06403353939044747
-1.4166666666666667 -0.5773502691896257 0.0775297617110896 0.07752977832367265
-1.4166666666666667 -0.3849001794597505 0.06404325384428772 0.06404326633301685
-1.4166666666666667 -0.19245008972987526 0.047221533734059046 0.04722143725824689
-1.4166666666666667 0.0 0.04442510609248452 0.04442512305744156
-1.4166666666666667 0.19245008972987526 0.047256369442723475 0.04725644163504527
-1.4166666666666667 0.3849001794597505 0.06403339077259103 0.06403353939044737
-1.4166666666666667 0.5773502691896257 0.07752976171108965 0.07752977832367262
-1.4166666666666667 0.769800358919501 0.0640432538442878 0.06404326633301692
-1.4166666666666667 0.9622504486493763 0.047221533734059 0.047221437258246804
-1.4166666666666667 1.1547005383792515 0.044425106092484304 0.044425123057441285
-1.4166666666666667 1.3471506281091268 0.04725636944272322 0.04725644163504501
-1.4166666666666667 1.539600717839002 0.06403339077259107 0.06403353939044748
-1.4166666666666667 1.7320508075688772 0.07752976171108983 0.07752977832367285
-1.4166666666666667 1.9245008972987525 0.0640432538442878 0.06404326633301696
-1.4166666666666667 2.116950987028628 0.04722153373405901 0.047221437258246825
-1.4166666666666667 2.309401076758503 0.044425106092484894 0.044425123057441895
-1.3333333333333333 -2.309401076758503 0.041067991520853823 0.0410679706012913
-1.3333333333333333 -2.116950987028628 0.04604466379585433 0.04604471376170844
-1.3333333333333333 -1.9245008972987525 0.08672516093329166 0.08672520767866651
-1.3333333333333333 -1.7320508075688772 0.11113462514585389 0.11113476126795795
-1.3333333333333333 -1.539600717839002 0.08677810829585446 0.08677803309504183
-1.3333333333333333 -1.3471506281091268 0.04604507055829174 0.04604494259533319
-1.3333333333333333 -1.1547005383792515 0.04106799152085418 0.0410679706012917
-1.3333333333333333 -0.9622504486493763 0.0460446637958542 0.04604471376170831
-1.3333333333333333 -0.769800358919501 0.0867251609332919 0.08672520767866679
-1.3333333333333333 -0.5773502691896257 0.11113462514585416 0.11113476126795836
-1.3333333333333333 -0.3849001794597505 0.08677810829585444 0.08677803309504176
-1.3333333333333333 -0.19245008972987526 0.04604507055829183 0.04604494259533324
-1.3333333333333333 0.0 0.04106799152085401 0.041067970601291616
-1.3333333333333333 0.19245008972987526 0.04604466379585429 0.046044713761708225
-1.3333333333333333 0.3849001794597505 0.08672516093329184 0.08672520767866673
-1.3333333333333333 0.5773502691896257 0.11113462514585408 0.11113476126795833
-1.3333333333333333 0.769800358919501 0.08677810829585446 0.08677803309504165
-1.3333333333333333 0.9622504486493763 0.04604507055829179 0.046044942595333226
-1.3333333333333333 1.1547005383792515 0.04106799152085426 0.04106797060129177
-1.3333333333333333 1.3471506281091268 0.046044663795854236 0.04604471376170827
-1.3333333333333333 1.539600717839002 0.08672516093329193 0.0867252076786668
-1.3333333333333333 1.7320508075688772 0.11113462514585375 0.1111347612679581
-1.3333333333333333 1.9245008972987525 0.08677810829585392 0.08677803309504124
-1.3333333333333333 2.116950987028628 0.046045070558292 0.046044942595333434
-1.3333333333333333 2.309401076758503 0.041067991520853886 0.04106797060129133
-1.25 -2.309401076758503 0.04079181249779507 0.04079173004371464
-1.25 -2.116950987028628 0.04752630637388353 0.047526329736914064
-1.25 -1.9245008972987525 0.13449001619159578 0.1344904594342922
-1.25 -1.7320508075688772 0.4313812379188712 0.4313821272062858
-1.25 -1.539600717839002 0.13452005959011717 0.13452038793917273
-1.25 -1.3471506281091268 0.04755242742773645 0.047552350639621044
-1.25 -1.1547005383792515 0.04079181249779537 0.0407917300437149
-1.25 -0.9622504486493763 0.04752630637388337 0.04752632973691391
-1.25 -0.769800358919501 0.13449001619159562 0.13449045943429191
-1.25 -0.5773502691896257 0.43138123791887134 0.4313821272062862
-1.25 -0.3849001794597505 0.13452005959011729 0.13452038793917276
-1.25 -0.19245008972987526 0.047552427427736466 0.04755235063962104
-1.25 0.0 0.040791812497795316 0.04079173004371486
-1.25 0.19245008972987526 0.0475263063738835 0.047526329736914
-1.25 0.3849001794597505 0.13449001619159592 0.13449045943429244
-1.25 0.5773502691896257 0.43138123791887145 0.4313821272062862
-1.25 0.769800358919501 0.13452005959011681 0.13452038793917256
-1.25 0.9622504486493763 0.04755242742773645 0.04755235063962091
-1.25 1.1547005383792515 0.04079181249779541 0.0407917300437149
-1.25 1.3471506281091268 0.04752630637388349 0.04752632973691387
-1.25 1.539600717839002 0.13449001619159578 0.13449045943429233
-1.25 1.7320508075688772 0.43138123791887123 0.43138212720628544
-1.25 1.9245008972987525 0.13452005959011684 0.13452038793917262
-1.25 2.116950987028628 0.04755242742773657 0.04755235063962102
-1.25 2.309401076758503 0.04079181249779529 0.040791730043714794
-1.1666666666666667 -2.309401076758503 0.040352155115301096 0.0403520493782131
-1.1666666666666667 -2.116950987028628 0.05092142347509289 0.050921433795120104
-1.1666666666666667 -1.9245008972987525 0.4243539200675884 0.4243550550687149
-1.1666666666666667 -1.7320508075688772 0.7432099890513221 0.7432102742525366
-1.1666666666666667 -1.539600717839002 0.4244316746166566 0.42443278818088
-1.1666666666666667 -1.3471506281091268 0.05096070742403671 0.05096062782453494
-1.1666666666666667 -1.1547005383792515 0.040352155115300874 0.04035204937821275
-1.1666666666666667 -0.9622504486493763 0.0509214234750927 0.050921433795119944
-1.1666666666666667 -0.769800358919501 0.42435392006758843 0.4243550550687146
-1.1666666666666667 -0.5773502691896257 0.7432099890513221 0.743210274252537
-1.1666666666666667 -0.3849001794597505 0.4244316746166565 0.4244327881808798
-1.1666666666666667 -0.19245008972987526 0.0509607074240368 0.050960627824535004
-1.1666666666666667 0.0 0.040352155115301165 0.040352049378213045
-1.1666666666666667 0.19245008972987526 0.05092142347509293 0.05092143379512001
-1.1666666666666667 0.3849001794597505 0.4243539200675885 0.42435505506871496
-1.1666666666666667 0.5773502691896257 0.7432099890513221 0.743210274252537
-1.1666666666666667 0.769800358919501 0.4244316746166563 0.4244327881808794
-1.1666666666666667 0.9622504486493763 0.05096070742403674 0.050960627824534976
-1.1666666666666667 1.1547005383792515 0.04035215511530086 0.04035204937821286
-1.1666666666666667 1.3471506281091268 0.05092142347509293 0.05092143379512004
-1.1666666666666667 1.539600717839002 0.42435392006758876 0.4243550550687151
-1.1666666666666667 1.7320508075688772 0.743209989051322 0.7432102742525366
-1.1666666666666667 1.9245008972987525 0.42443167461665654 0.4244327881808792
-1.1666666666666667 2.116950987028628 0.0509607074240368 0.05096062782453504
-1.1666666666666667 2.309401076758503 0.04035215511530119 0.040352049378213156
-1.0833333333333333 -2.309401076758503 0.04131127774557689 0.0413111150118859
-1.0833333333333333 -2.116950987028628 0.05464217336537965 0.054642123279864487
-1.0833333333333333 -1.9245008972987525 0.7194012227749863 0.719401327829548
-1.0833333333333333 -1.7320508075688772 0.7578613502841813 0.7578616781070007
-1.0833333333333333 -1.539600717839002 0.719411694211303 0.7194117103214401
-1.0833333333333333 -1.3471506281091268 0.05467480602133595 0.054674696952389794
-1.0833333333333333 -1.1547005383792515 0.04131127774557695 0.04131111501188587
-1.0833333333333333 -0.9622504486493763 0.054642173365379965 0.05464212327986468
-1.0833333333333333 -0.769800358919501 0.7194012227749855 0.7194013278295475
-1.0833333333333333 -0.5773502691896257 0.7578613502841816 0.7578616781070004
-1.0833333333333333 -0.3849001794597505 0.7194116942113031 0.7194117103214402
-1.0833333333333333 -0.19245008972987526 0.05467480602133616 0.054674696952389884
-1.0833333333333333 0.0 0.04131127774557694 0.04131111501188594
-1.0833333333333333 0.19245008972987526 0.054642173365379694 0.05464212327986443
-1.0833333333333333 0.3849001794597505 0.7194012227749861 0.7194013278295478
-1.0833333333333333 0.5773502691896257 0.7578613502841813 0.7578616781070004
-1.0833333333333333 0.769800358919501 0.7194116942113037 0.7194117103214401
-1.0833333333333333 0.9622504486493763 0.05467480602133629 0.054674696952390085
-1.0833333333333333 1.1547005383792515 0.041311277745577 0.041311115011885884
-1.0833333333333333 1.3471506281091268 0.0546421733653796 0.05464212327986435
-1.0833333333333333 1.539600717839002 0.7194012227749861 0.7194013278295484
-1.0833333333333333 1.7320508075688772 0.757861350284181 0.7578616781070007
-1.0833333333333333 1.9245008972987525 0.7194116942113029 0.7194117103214395
-1.0833333333333333 2.116950987028628 0.0546748060213361 0.05467469695238992
-1.0833333333333333 2.309401076758503 0.04131127774557687 0.04131111501188591
-1.0 -2.309401076758503 0.04233258033329179 0.04233242408908334
-1.0 -2.116950987028628 0.05648719233335428 0.05648711966379161
-1.0 -1.9245008972987525 0.7201199884583532 0.7201203065804571
-1.0 -1.7320508075688772 0.7623391825832923 0.7623395204224173
-1.0 -1.539600717839002 0.7201199884583531 0.7201203065804576
-1.0 -1.3471506281091268 0.056487192333353926 0.05648711966379141
-1.0 -1.1547005383792515 0.04233258033329179 0.04233242408908334
-1.0 -0.9622504486493763 0.056487192333354204 0.056487119663791586
-1.0 -0.769800358919501 0.7201199884583532 0.7201203065804573
-1.0 -0.5773502691896257 0.7623391825832923 0.7623395204224173
-1.0 -0.3849001794597505 0.7201199884583528 0.7201203065804571
-1.0 -0.19245008972987526 0.05648719233335424 0.05648711966379182
-1.0 0.0 0.04233258033329179 0.04233242408908334
-1.0 0.19245008972987526 0.05648719233335417 0.05648711966379169
-1.0 0.3849001794597505 0.7201199884583531 0.7201203065804574
-1.0 0.5773502691896257 0.7623391825832923 0.7623395204224173
-1.0 0.769800358919501 0.7201199884583532 0.7201203065804573
-1.0 0.9622504486493763 0.05648719233335425 0.05648711966379164
-1.0 1.1547005383792515 0.04233258033329179 0.04233242408908334
-1.0 1.3471506281091268 0.05648719233335401 0.05648711966379143
-1.0 1.539600717839002 0.720119988458353 0.7201203065804579
-1.0 1.7320508075688772 0.7623391825832923 0.7623395204224173
-1.0 1.9245008972987525 0.7201199884583532 0.7201203065804572
-1.0 2.116950987028628 0.05648719233335425 0.056487119663791725
-1.0 2.309401076758503 0.04233258033329179 0.04233242408908334
-0.9166666666666666 -2.309401076758503 0.04131127774557631 0.04131111501188525
-0.9166666666666666 -2.116950987028628 0.05467480602133627 0.05467469695238996
-0.9166666666666666 -1.9245008972987525 0.7194116942113031 0.719411710321439
-0.9166666666666666 -1.7320508075688772 0.7578613502841811 0.7578616781070009
-0.9166666666666666 -1.539600717839002 0.7194012227749859 0.7194013278295478
-0.9166666666666666 -1.3471506281091268 0.05464217336537951 0.05464212327986415
-0.9166666666666666 -1.1547005383792515 0.041311277745576504 0.04131111501188543
-0.9166666666666666 -0.9622504486493763 0.05467480602133627 0.05467469695238994
-0.9166666666666666 -0.769800358919501 0.7194116942113034 0.7194117103214398
-0.9166666666666666 -0.5773502691896257 0.7578613502841812 0.7578616781070007
-0.9166666666666666 -0.3849001794597505 0.7194012227749859 0.7194013278295474
-0.9166666666666666 -0.19245008972987526 0.05464217336537965 0.05464212327986426
-0.9166666666666666 0.0 0.041311277745576545 0.04131111501188545
-0.9166666666666666 0.19245008972987526 0.05467480602133612 0.05467469695238984
-0.9166666666666666 0.3849001794597505 0.7194116942113029 0.7194117103214397
-0.9166666666666666 0.5773502691896257 0.7578613502841812 0.7578616781070002
-0.9166666666666666 0.769800358919501 0.7194012227749856 0.7194013278295474
-0.9166666666666666 0.9622504486493763 0.05464217336537974 0.05464212327986437
-0.9166666666666666 1.1547005383792515 0.041311277745576386 0.04131111501188541
-0.9166666666666666 1.3471506281091268 0.05467480602133592 0.05467469695238945
-0.9166666666666666 1.539600717839002 0.7194116942113026 0.7194117103214398
-0.9166666666666666 1.7320508075688772 0.757861350284181 0.7578616781070002
-0.9166666666666666 1.9245008972987525 0.7194012227749861 0.7194013278295477
-0.9166666666666666 2.116950987028628 0.05464217336537979 0.0546421232798645
-0.9166666666666666 2.309401076758503 0.04131127774557623 0.041311115011885176
-0.8333333333333334 -2.309401076758503 0.04035215511530137 0.04035204937821333
-0.8333333333333334 -2.116950987028628 0.05096070742403698 0.05096062782453516
-0.8333333333333334 -1.9245008972987525 0.42443167461665643 0.4244327881808793
-0.8333333333333334 -1.7320508075688772 0.7432099890513226 0.7432102742525374
-0.8333333333333334 -1.539600717839002 0.42435392006758893 0.42435505506871557
-0.8333333333333334 -1.3471506281091268 0.05092142347509284 0.05092143379511991
-0.8333333333333334 -1.1547005383792515 0.040352155115301276 0.04035204937821334
-0.8333333333333334 -0.9622504486493763 0.05096070742403706 0.05096062782453529
-0.8333333333333334 -0.769800358919501 0.4244316746166565 0.4244327881808797
-0.8333333333333334 -0.5773502691896257 0.7432099890513222 0.743210274252537
-0.8333333333333334 -0.3849001794597505 0.4243539200675886 0.4243550550687152
-0.8333333333333334 -0.19245008972987526 0.050921423475093035 0.050921433795120145
-0.8333333333333334 0.0 0.04035215511530115 0.04035204937821313
-0.8333333333333334 0.19245008972987526 0.0509607074240369 0.050960627824535164
-0.8333333333333334 0.3849001794597505 0.4244316746166566 0.4244327881808798
-0.8333333333333334 0.5773502691896257 0.7432099890513232 0.7432102742525374
-0.8333333333333334 0.769800358919501 0.4243539200675886 0.4243550550687149
-0.8333333333333334 0.9622504486493763 0.050921423475093076 0.05092143379512028
-0.8333333333333334 1.1547005383792515 0.04035215511530126 0.040352049378213274
-0.8333333333333334 1.3471506281091268 0.05096070742403665 0.0509606278245349
-0.8333333333333334 1.539600717839002 0.42443167461665676 0.4244327881808802
-0.8333333333333334 1.7320508075688772 0.7432099890513227 0.7432102742525373
-0.8333333333333334 1.9245008972987525 0.4243539200675885 0.4243550550687148
-0.8333333333333334 2.116950987028628 0.05092142347509292 0.050921433795120166
-0.8333333333333334 2.309401076758503 0.04035215511530125 0.04035204937821331
-0.75 -2.309401076758503 0.040791812497795496 0.04079173004371504
-0.75 -2.116950987028628 0.04755242742773671 0.04755235063962112
-0.75 -1.9245008972987525 0.13452005959011668 0.13452038793917245
-0.75 -1.7320508075688772 0.431381237918871 0.43138212720628544
-0.75 -1.539600717839002 0.1344900161915959 0.1344904594342923
-0.75 -1.3471506281091268 0.04752630637388362 0.04752632973691409
-0.75 -1.1547005383792515 0.040791812497795614 0.0407917300437152
-0.75 -0.9622504486493763 0.04755242742773672 0.047552350639621155
-0.75 -0.769800358919501 0.134520059590117 0.13452038793917276
-0.75 -0.5773502691896257 0.4313812379188706 0.4313821272062857
-0.75 -0.3849001794597505 0.13449001619159584 0.13449045943429222
-0.75 -0.19245008972987526 0.047526306373883685 0.047526329736914216
-0.75 0.0 0.040791812497795475 0.040791730043715085
-0.75 0.19245008972987526 0.04755242742773661 0.04755235063962115
-0.75 0.3849001794597505 0.13452005959011729 0.13452038793917273
-0.75 0.5773502691896257 0.43138123791887106 0.4313821272062859
-0.75 0.769800358919501 0.134490016191596 0.13449045943429228
-0.75 0.9622504486493763 0.047526306373883734 0.04752632973691418
-0.75 1.1547005383792515 0.040791812497795496 0.04079173004371517
-0.75 1.3471506281091268 0.047552427427736584 0.04755235063962121
-0.75 1.539600717839002 0.13452005959011717 0.13452038793917281
-0.75 1.7320508075688772 0.43138123791887106 0.43138212720628577
-0.75 1.9245008972987525 0.13449001619159562 0.1344904594342922
-0.75 2.116950987028628 0.047526306373883706 0.04752632973691408
-0.75 2.309401076758503 0.04079181249779539 0.04079173004371491
-0.6666666666666666 -2.309401076758503 0.041067991520854046 0.041067970601291554
-0.6666666666666666 -2.116950987028628 0.046045070558291566 0.04604494259533317
-0.6666666666666666 -1.9245008972987525 0.08677810829585432 0.08677803309504158
-0.6666666666666666 -1.7320508075688772 0.1111346251458538 0.11113476126795824
-0.6666666666666666 -1.539600717839002 0.08672516093329181 0.0867252076786668
-0.6666666666666666 -1.3471506281091268 0.04604466379585424 0.04604471376170837
-0.6666666666666666 -1.1547005383792515 0.0410679915208543 0.04106797060129178
-0.6666666666666666 -0.9622504486493763 0.04604507055829163 0.04604494259533309
-0.6666666666666666 -0.769800358919501 0.08677810829585436 0.08677803309504156
-0.6666666666666666 -0.5773502691896257 0.11113462514585391 0.11113476126795832
-0.6666666666666666 -0.3849001794597505 0.08672516093329181 0.08672520767866661
-0.6666666666666666 -0.19245008972987526 0.046044663795854264 0.04604471376170839
-0.6666666666666666 0.0 0.04106799152085417 0.04106797060129166
-0.6666666666666666 0.19245008972987526 0.04604507055829183 0.04604494259533326
-0.6666666666666666 0.3849001794597505 0.08677810829585428 0.08677803309504169
-0.6666666666666666 0.5773502691896257 0.11113462514585391 0.11113476126795817
-0.6666666666666666 0.769800358919501 0.08672516093329179 0.08672520767866668
-0.6666666666666666 0.9622504486493763 0.04604466379585408 0.04604471376170807
-0.6666666666666666 1.1547005383792515 0.04106799152085429 0.04106797060129176
-0.6666666666666666 1.3471506281091268 0.04604507055829173 0.046044942595333274
-0.6666666666666666 1.539600717839002 0.08677810829585435 0.08677803309504173
-0.6666666666666666 1.7320508075688772 0.11113462514585393 0.11113476126795808
-0.6666666666666666 1.9245008972987525 0.0867251609332916 0.08672520767866662
-0.6666666666666666 2.116950987028628 0.04604466379585405 0.046044713761708156
-0.6666666666666666 2.309401076758503 0.04106799152085404 0.041067970601291456
-0.5833333333333334 -2.309401076758503 0.04442510609248475 0.04442512305744171
-0.5833333333333334 -2.116950987028628 0.04722153373405887 0.04722143725824673
-0.5833333333333334 -1.9245008972987525 0.06404325384428769 0.06404326633301682
-0.5833333333333334 -1.7320508075688772 0.07752976171108979 0.07752977832367297
-0.5833333333333334 -1.539600717839002 0.06403339077259138 0.06403353939044776
-0.5833333333333334 -1.3471506281091268 0.04725636944272324 0.04725644163504504
-0.5833333333333334 -1.1547005383792515 0.044425106092484644 0.04442512305744169
-0.5833333333333334 -0.9622504486493763 0.04722153373405896 0.04722143725824676
-0.5833333333333334 -0.769800358919501 0.06404325384428781 0.06404326633301706
-0.5833333333333334 -0.5773502691896257 0.07752976171108951 0.07752977832367257
-0.5833333333333334 -0.3849001794597505 0.06403339077259111 0.06403353939044755
-0.5833333333333334 -0.19245008972987526 0.047256369442723344 0.0472564416350451
-0.5833333333333334 0.0 0.04442510609248455 0.044425123057441576
-0.5833333333333334 0.19245008972987526 0.04722153373405889 0.04722143725824674
-0.5833333333333334 0.3849001794597505 0.06404325384428779 0.0640432663330171
-0.5833333333333334 0.5773502691896257 0.07752976171108947 0.07752977832367272
-0.5833333333333334 0.769800358919501 0.0640333907725911 0.06403353939044755
-0.5833333333333334 0.9622504486493763 0.04725636944272342 0.04725644163504515
-0.5833333333333334 1.1547005383792515 0.044425106092484526 0.04442512305744157
-0.5833333333333334 1.3471506281091268 0.04722153373405882 0.0472214372582466
-0.5833333333333334 1.539600717839002 0.06404325384428798 0.0640432663330173
-0.5833333333333334 1.7320508075688772 0.07752976171108988 0.0775297783236729
-0.5833333333333334 1.9245008972987525 0.06403339077259103 0.06403353939044741
-0.5833333333333334 2.116950987028628 0.047256369442723316 0.04725644163504512
-0.5833333333333334 2.309401076758503 0.04442510609248465 0.04442512305744163
-0.5 -2.309401076758503 0.057528061458374836 0.05752802049424987
-0.5 -2.116950987028628 0.05321361362312253 0.05321356638450035
-0.5 -1.9245008972987525 0.05321361362312242 0.05321356638450006
-0.5 -1.7320508075688772 0.0575280614583748 0.05752802049424986
-0.5 -1.539600717839002 0.05324822266850257 0.053248284621250024
-0.5 -1.3471506281091268 0.05324822266850248 0.053248284621249954
-0.5 -1.1547005383792515 0.05752806145837494 0.05752802049424997
-0.5 -0.9622504486493763 0.05321361362312221 0.053213566384500026
-0.5 -0.769800358919501 0.05321361362312236 0.053213566384500005
-0.5 -0.5773502691896257 0.05752806145837485 0.057528020494249925
-0.5 -0.3849001794597505 0.05324822266850249 0.053248284621249906
-0.5 -0.19245008972987526 0.053248222668502494 0.053248284621249836
-0.5 0.0 0.057528061458374906 0.057528020494249966
-0.5 0.19245008972987526 0.05321361362312232 0.05321356638449998
-0.5 0.3849001794597505 0.05321361362312219 0.053213566384499984
-0.5 0.5773502691896257 0.05752806145837488 0.05752802049424994
-0.5 0.769800358919501 0.05324822266850245 0.05324828462124992
-0.5 0.9622504486493763 0.053248222668502446 0.05324828462124991
-0.5 1.1547005383792515 0.057528061458374885 0.05752802049424992
-0.5 1.3471506281091268 0.05321361362312247 0.05321356638450012
-0.5 1.539600717839002 0.053213613623122324 0.053213566384500186
-0.5 1.7320508075688772 0.05752806145837482 0.05752802049424984
-0.5 1.9245008972987525 0.05324822266850248 0.053248284621249996
-0.5 2.116950987028628 0.05324822266850277 0.05324828462125017
-0.5 2.309401076758503 0.057528061458374885 0.057528020494249946
-0.4166666666666667 -2.309401076758503 0.07752976171108973 0.07752977832367261
-0.4166666666666667 -2.116950987028628 0.06404325384428783 0.06404326633301716
-0.4166666666666667 -1.9245008972987525 0.0472215337340588 0.04722143725824659
-0.4166666666666667 -1.7320508075688772 0.04442510609248418 0.04442512305744124
-0.4166666666666667 -1.539600717839002 0.047256369442723274 0.04725644163504506
-0.4166666666666667 -1.3471506281091268 0.06403339077259115 0.06403353939044754
-0.4166666666666667 -1.1547005383792515 0.07752976171108973 0.07752977832367271
-0.4166666666666667 -0.9622504486493763 0.06404325384428772 0.06404326633301693
-0.4166666666666667 -0.769800358919501 0.047221533734058956 0.04722143725824673
-0.4166666666666667 -0.5773502691896257 0.044425106092484526 0.04442512305744155
-0.4166666666666667 -0.3849001794597505 0.04725636944272336 0.04725644163504518
-0.4166666666666667 -0.19245008972987526 0.06403339077259097 0.0640335393904474
-0.4166666666666667 0.0 0.07752976171108954 0.07752977832367261
-0.4166666666666667 0.19245008972987526 0.06404325384428775 0.0640432663330169
-0.4166666666666667 0.3849001794597505 0.047221533734058865 0.047221437258246804
-0.4166666666666667 0.5773502691896257 0.04442510609248468 0.04442512305744165
-0.4166666666666667 0.769800358919501 0.047256369442723295 0.047256441635045214
-0.4166666666666667 0.9622504486493763 0.06403339077259103 0.06403353939044745
-0.4166666666666667 1.1547005383792515 0.07752976171108952 0.07752977832367265
-0.4166666666666667 1.3471506281091268 0.06404325384428788 0.06404326633301706
-0.4166666666666667 1.539600717839002 0.04722153373405886 0.04722143725824668
-0.4166666666666667 1.7320508075688772 0.044425106092484304 0.04442512305744134
-0.4166666666666667 1.9245008972987525 0.04725636944272331 0.04725644163504504
-0.4166666666666667 2.116950987028628 0.06403339077259118 0.06403353939044772
-0.4166666666666667 2.309401076758503 0.07752976171108966 0.07752977832367261
-0.3333333333333333 -2.309401076758503 0.11113462514585433 0.11113476126795845
-0.3333333333333333 -2.116950987028628 0.08677810829585433 0.08677803309504183
-0.3333333333333333 -1.9245008972987525 0.046045070558291816 0.04604494259533332
-0.3333333333333333 -1.7320508075688772 0.04106799152085429 0.04106797060129178
-0.3333333333333333 -1.539600717839002 0.046044663795854465 0.04604471376170853
-0.3333333333333333 -1.3471506281091268 0.08672516093329172 0.0867252076786666
-0.3333333333333333 -1.1547005383792515 0.11113462514585401 0.11113476126795803
-0.3333333333333333 -0.9622504486493763 0.08677810829585456 0.08677803309504188
-0.3333333333333333 -0.769800358919501 0.046045070558291795 0.04604494259533324
-0.3333333333333333 -0.5773502691896257 0.041067991520854 0.04106797060129152
-0.3333333333333333 -0.3849001794597505 0.046044663795854375 0.04604471376170827
-0.3333333333333333 -0.19245008972987526 0.08672516093329187 0.08672520767866684
-0.3333333333333333 0.0 0.11113462514585389 0.11113476126795828
-0.3333333333333333 0.19245008972987526 0.08677810829585446 0.08677803309504173
-0.3333333333333333 0.3849001794597505 0.046045070558291885 0.04604494259533329
-0.3333333333333333 0.5773502691896257 0.04106799152085408 0.04106797060129155
-0.3333333333333333 0.769800358919501 0.046044663795854306 0.046044713761708336
-0.3333333333333333 0.9622504486493763 0.08672516093329195 0.08672520767866677
-0.3333333333333333 1.1547005383792515 0.11113462514585393 0.11113476126795824
-0.3333333333333333 1.3471506281091268 0.0867781082958542 0.08677803309504155
-0.3333333333333333 1.539600717839002 0.04604507055829197 0.04604494259533345
-0.3333333333333333 1.7320508075688772 0.0410679915208544 0.04106797060129179
-0.3333333333333333 1.9245008972987525 0.0460446637958543 0.04604471376170839
-0.3333333333333333 2.116950987028628 0.08672516093329179 0.08672520767866677
-0.3333333333333333 2.309401076758503 0.11113462514585411 0.11113476126795838
-0.25 -2.309401076758503 0.4313812379188706 0.4313821272062858
-0.25 -2.116950987028628 0.13452005959011712 0.13452038793917248
-0.25 -1.9245008972987525 0.047552427427736556 0.04755235063962114
-0.25 -1.7320508075688772 0.040791812497795475 0.04079173004371498
-0.25 -1.539600717839002 0.04752630637388373 0.04752632973691424
-0.25 -1.3471506281091268 0.1344900161915959 0.13449045943429233
-0.25 -1.1547005383792515 0.43138123791887095 0.43138212720628594
-0.25 -0.9622504486493763 0.13452005959011734 0.13452038793917276
-0.25 -0.769800358919501 0.04755242742773662 0.047552350639621176
-0.25 -0.5773502691896257 0.04079181249779541 0.04079173004371503
-0.25 -0.3849001794597505 0.0475263063738836 0.047526329736914154
-0.25 -0.19245008972987526 0.13449001619159584 0.13449045943429222
-0.25 0.0 0.4313812379188711 0.4313821272062861
-0.25 0.19245008972987526 0.13452005959011717 0.1345203879391727
-0.25 0.3849001794597505 0.047552427427736535 0.04755235063962117
-0.25 0.5773502691896257 0.0407918124977954 0.040791730043715016
-0.25 0.769800358919501 0.04752630637388361 0.04752632973691409
-0.25 0.9622504486493763 0.1344900161915959 0.1344904594342925
-0.25 1.1547005383792515 0.4313812379188708 0.4313821272062855
-0.25 1.3471506281091268 0.13452005959011698 0.13452038793917273
-0.25 1.539600717839002 0.04755242742773666 0.04755235063962115
-0.25 1.7320508075688772 0.0407918124977955 0.0407917300437151
-0.25 1.9245008972987525 0.04752630637388366 0.04752632973691409
-0.25 2.116950987028628 0.13449001619159573 0.1344904594342921
-0.25 2.309401076758503 0.4313812379188712 0.4313821272062852
-0.16666666666666666 -2.309401076758503 0.7432099890513223 0.7432102742525366
-0.16666666666666666 -2.116950987028628 0.4244316746166564 0.42443278818087976
-0.16666666666666666 -1.9245008972987525 0.05096070742403707 0.05096062782453534
-0.16666666666666666 -1.7320508075688772 0.04035215511530103 0.040352049378213004
-0.16666666666666666 -1.539600717839002 0.050921423475092806 0.05092143379512006
-0.16666666666666666 -1.3471506281091268 0.4243539200675885 0.4243550550687149
-0.16666666666666666 -1.1547005383792515 0.743209989051323 0.7432102742525375
-0.16666666666666666 -0.9622504486493763 0.4244316746166567 0.42443278818088
-0.16666666666666666 -0.769800358919501 0.05096070742403687 0.05096062782453516
-0.16666666666666666 -0.5773502691896257 0.04035215511530114 0.04035204937821314
-0.16666666666666666 -0.3849001794597505 0.050921423475092896 0.05092143379512007
-0.16666666666666666 -0.19245008972987526 0.4243539200675886 0.4243550550687151
-0.16666666666666666 0.0 0.7432099890513225 0.7432102742525373
-0.16666666666666666 0.19245008972987526 0.4244316746166565 0.4244327881808797
-0.16666666666666666 0.3849001794597505 0.05096070742403688 0.050960627824535074
-0.16666666666666666 0.5773502691896257 0.040352155115301255 0.040352049378213246
-0.16666666666666666 0.769800358919501 0.05092142347509301 0.05092143379512018
-0.16666666666666666 0.9622504486493763 0.4243539200675887 0.4243550550687153
-0.16666666666666666 1.1547005383792515 0.7432099890513224 0.7432102742525376
-0.16666666666666666 1.3471506281091268 0.4244316746166566 0.42443278818087954
-0.16666666666666666 1.539600717839002 0.05096070742403683 0.05096062782453505
-0.16666666666666666 1.7320508075688772 0.04035215511530106 0.04035204937821308
-0.16666666666666666 1.9245008972987525 0.05092142347509335 0.05092143379512043
-0.16666666666666666 2.116950987028628 0.42435392006758865 0.424355055068715
-0.16666666666666666 2.309401076758503 0.7432099890513222 0.7432102742525368
-0.08333333333333333 -2.309401076758503 0.7578613502841809 0.7578616781070003
-0.08333333333333333 -2.116950987028628 0.719411694211303 0.7194117103214399
-0.08333333333333333 -1.9245008972987525 0.054674806021336085 0.05467469695238986
-0.08333333333333333 -1.7320508075688772 0.04131127774557674 0.04131111501188564
-0.08333333333333333 -1.539600717839002 0.0546421733653796 0.05464212327986441
-0.08333333333333333 -1.3471506281091268 0.7194012227749862 0.7194013278295477
-0.08333333333333333 -1.1547005383792515 0.7578613502841816 0.7578616781070002
-0.08333333333333333 -0.9622504486493763 0.719411694211303 0.7194117103214401
-0.08333333333333333 -0.769800358919501 0.05467480602133619 0.054674696952389884
-0.08333333333333333 -0.5773502691896257 0.041311277745576566 0.04131111501188555
-0.08333333333333333 -0.3849001794597505 0.05464217336537973 0.05464212327986451
-0.08333333333333333 -0.19245008972987526 0.719401222774986 0.7194013278295475
-0.08333333333333333 0.0 0.7578613502841814 0.7578616781070006
-0.08333333333333333 0.19245008972987526 0.7194116942113036 0.7194117103214402
-0.08333333333333333 0.3849001794597505 0.054674806021336196 0.05467469695238999
-0.08333333333333333 0.5773502691896257 0.041311277745576636 0.04131111501188559
-0.08333333333333333 0.769800358919501 0.05464217336537975 0.05464212327986451
-0.08333333333333333 0.9622504486493763 0.7194012227749861 0.7194013278295482
-0.08333333333333333 1.1547005383792515 0.7578613502841812 0.7578616781070006
-0.08333333333333333 1.3471506281091268 0.7194116942113039 0.71941171032144
-0.08333333333333333 1.539600717839002 0.054674806021335974 0.05467469695238981
-0.08333333333333333 1.7320508075688772 0.041311277745576795 0.0413111150118857
-0.08333333333333333 1.9245008972987525 0.05464217336537962 0.05464212327986435
-0.08333333333333333 2.116950987028628 0.7194012227749866 0.7194013278295484
-0.08333333333333333 2.309401076758503 0.7578613502841813 0.7578616781070012
0.0 -2.309401076758503 0.7623391825832923 0.7623395204224173
0.0 -2.116950987028628 0.7201199884583529 0.7201203065804577
0.0 -1.9245008972987525 0.05648719233335441 0.056487119663791864
0.0 -1.7320508075688772 0.04233258033329179 0.04233242408908334
0.0 -1.539600717839002 0.0564871923333541 0.05648711966379151
0.0 -1.3471506281091268 0.7201199884583536 0.7201203065804571
0.0 -1.1547005383792515 0.7623391825832923 0.7623395204224173
0.0 -0.9622504486493763 0.7201199884583537 0.720120306580458
0.0 -0.769800358919501 0.05648719233335415 0.05648711966379169
0.0 -0.5773502691896257 0.04233258033329179 0.04233242408908334
0.0 -0.3849001794597505 0.05648719233335409 0.05648711966379153
0.0 -0.19245008972987526 0.7201199884583532 0.7201203065804573
0.0 0.0 0.7623391825832923 0.7623395204224173
0.0 0.19245008972987526 0.7201199884583532 0.7201203065804573
0.0 0.3849001794597505 0.05648719233335409 0.05648711966379153
0.0 0.5773502691896257 0.04233258033329179 0.04233242408908334
0.0 0.769800358919501 0.05648719233335415 0.05648711966379169
0.0 0.9622504486493763 0.7201199884583537 0.720120306580458
0.0 1.1547005383792515 0.7623391825832923 0.7623395204224173
0.0 1.3471506281091268 0.7201199884583536 0.7201203065804571
0.0 1.539600717839002 0.0564871923333541 0.05648711966379151
0.0 1.7320508075688772 0.04233258033329179 0.04233242408908334
0.0 1.9245008972987525 0.05648719233335441 0.056487119663791864
0.0 2.116950987028628 0.7201199884583529 0.7201203065804577
0.0 2.309401076758503 0.7623391825832923 0.7623395204224173
0.08333333333333333 -2.309401076758503 0.7578613502841813 0.7578616781070012
0.08333333333333333 -2.116950987028628 0.7194012227749866 0.7194013278295484
0.08333333333333333 -1.9245008972987525 0.05464217336537962 0.05464212327986435
0.08333333333333333 -1.7320508075688772 0.041311277745576795 0.0413111150118857
0.08333333333333333 -1.539600717839002 0.054674806021335974 0.05467469695238981
0.08333333333333333 -1.3471506281091268 0.7194116942113039 0.71941171032144
0.08333333333333333 -1.1547005383792515 0.7578613502841812 0.7578616781070006
0.08333333333333333 -0.9622504486493763 0.7194012227749861 0.7194013278295482
0.08333333333333333 -0.769800358919501 0.05464217336537975 0.05464212327986451
0.08333333333333333 -0.5773502691896257 0.041311277745576636 0.04131111501188559
0.08333333333333333 -0.3849001794597505 0.054674806021336196 0.05467469695238999
0.08333333333333333 -0.19245008972987526 0.7194116942113036 0.7194117103214402
0.08333333333333333 0.0 0.7578613502841814 0.7578616781070006
0.08333333333333333 0.19245008972987526 0.719401222774986 0.7194013278295475
0.08333333333333333 0.3849001794597505 0.05464217336537973 0.05464212327986451
0.08333333333333333 0.5773502691896257 0.041311277745576566 0.04131111501188555
0.08333333333333333 0.769800358919501 0.05467480602133619 0.054674696952389884
0.08333333333333333 0.9622504486493763 0.719411694211303 0.7194117103214401
0.08333333333333333 1.1547005383792515 0.7578613502841816 0.7578616781070002
0.08333333333333333 1.3471506281091268 0.7194012227749862 0.7194013278295477
0.08333333333333333 1.539600717839002 0.0546421733653796 0.05464212327986441
0.08333333333333333 1.7320508075688772 0.04131127774557674 0.04131111501188564
0.08333333333333333 1.9245008972987525 0.054674806021336085 0.05467469695238986
0.08333333333333333 2.116950987028628 0.719411694211303 0.7194117103214399
0.08333333333333333 2.309401076758503 0.7578613502841809 0.7578616781070003
0.16666666666666666 -2.309401076758503 0.7432099890513222 0.7432102742525368
0.16666666666666666 -2.116950987028628 0.42435392006758865 0.424355055068715
0.16666666666666666 -1.9245008972987525 0.05092142347509335 0.05092143379512043
0.16666666666666666 -1.7320508075688772 0.04035215511530106 0.04035204937821308
0.16666666666666666 -1.539600717839002 0.05096070742403683 0.05096062782453505
0.16666666666666666 -1.3471506281091268 0.4244316746166566 0.42443278818087954
0.16666666666666666 -1.1547005383792515 0.7432099890513224 0.7432102742525376
0.16666666666666666 -0.9622504486493763 0.4243539200675887 0.4243550550687153
0.16666666666666666 -0.769800358919501 0.05092142347509301 0.05092143379512018
0.16666666666666666 -0.5773502691896257 0.040352155115301255 0.040352049378213246
0.16666666666666666 -0.3849001794597505 0.05096070742403688 0.050960627824535074
0.16666666666666666 -0.19245008972987526 0.4244316746166565 0.4244327881808797
0.16666666666666666 0.0 0.7432099890513225 0.7432102742525373
0.16666666666666666 0.19245008972987526 0.4243539200675886 0.4243550550687151
0.16666666666666666 0.3849001794597505 0.050921423475092896 0.05092143379512007
0.16666666666666666 0.5773502691896257 0.04035215511530114 0.04035204937821314
0.16666666666666666 0.769800358919501 0.05096070742403687 0.05096062782453516
0.16666666666666666 0.9622504486493763 0.4244316746166567 0.42443278818088
0.16666666666666666 1.1547005383792515 0.743209989051323 0.7432102742525375
0.16666666666666666 1.3471506281091268 0.4243539200675885 0.4243550550687149
0.16666666666666666 1.539600717839002 0.050921423475092806 0.05092143379512006
0.16666666666666666 1.7320508075688772 0.04035215511530103 0.040352049378213004
0.16666666666666666 1.9245008972987525 0.05096070742403707 0.05096062782453534
0.16666666666666666 2.116950987028628 0.4244316746166564 0.42443278818087976
0.16666666666666666 2.309401076758503 0.7432099890513223 0.7432102742525366
0.25 -2.309401076758503 0.4313812379188712 0.4313821272062852
0.25 -2.116950987028628 0.13449001619159573 0.1344904594342921
0.25 -1.9245008972987525 0.04752630637388366 0.04752632973691409
0.25 -1.7320508075688772 0.0407918124977955 0.0407917300437151
0.25 -1.539600717839002 0.04755242742773666 0.04755235063962115
0.25 -1.3471506281091268 0.13452005959011698 0.13452038793917273
0.25 -1.1547005383792515 0.4313812379188708 0.4313821272062855
0.25 -0.9622504486493763 0.1344900161915959 0.1344904594342925
0.25 -0.769800358919501 0.04752630637388361 0.04752632973691409
0.25 -0.5773502691896257 0.0407918124977954 0.040791730043715016
0.25 -0.3849001794597505 0.047552427427736535 0.04755235063962117
0.25 -0.19245008972987526 0.13452005959011717 0.1345203879391727
0.25 0.0 0.4313812379188711 0.4313821272062861
0.25 0.19245008972987526 0.13449001619159584 0.13449045943429222
0.25 0.3849001794597505 0.0475263063738836 0.047526329736914154
0.25 0.5773502691896257 0.04079181249779541 0.04079173004371503
0.25 0.769800358919501 0.04755242742773662 0.047552350639621176
0.25 0.9622504486493763 0.13452005959011734 0.13452038793917276
0.25 1.1547005383792515 0.43138123791887095 0.43138212720628594
0.25 1.3471506281091268 0.1344900161915959 0.13449045943429233
0.25 1.539600717839002 0.04752630637388373 0.04752632973691424
0.25 1.7320508075688772 0.040791812497795475 0.04079173004371498
0.25 1.9245008972987525 0.047552427427736556 0.04755235063962114
0.25 2.116950987028628 0.13452005959011712 0.13452038793917248
0.25 2.309401076758503 0.4313812379188706 0.4313821272062858
0.3333333333333333 -2.309401076758503 0.11113462514585411 0.11113476126795838
0.3333333333333333 -2.116950987028628 0.08672516093329179 0.08672520767866677
0.3333333333333333 -1.9245008972987525 0.0460446637958543 0.04604471376170839
0.3333333333333333 -1.7320508075688772 0.0410679915208544 0.04106797060129179
0.3333333333333333 -1.539600717839002 0.04604507055829197 0.04604494259533345
0.3333333333333333 -1.3471506281091268 0.0867781082958542 0.08677803309504155
0.3333333333333333 -1.1547005383792515 0.11113462514585393 0.11113476126795824
0.3333333333333333 -0.9622504486493763 0.08672516093329195 0.08672520767866677
0.3333333333333333 -0.769800358919501 0.046044663795854306 0.046044713761708336
0.3333333333333333 -0.5773502691896257 0.04106799152085408 0.04106797060129155
0.3333333333333333 -0.3849001794597505 0.046045070558291885 0.04604494259533329
0.3333333333333333 -0.19245008972987526 0.08677810829585446 0.08677803309504173
0.3333333333333333 0.0 0.11113462514585389 0.11113476126795828
0.3333333333333333 0.19245008972987526 0.08672516093329187 0.08672520767866684
0.3333333333333333 0.3849001794597505 0.046044663795854375 0.04604471376170827
0.3333333333333333 0.5773502691896257 0.041067991520854 0.04106797060129152
0.3333333333333333 0.769800358919501 0.046045070558291795 0.04604494259533324
0.3333333333333333 0.9622504486493763 0.08677810829585456 0.08677803309504188
0.3333333333333333 1.1547005383792515 0.11113462514585401 0.11113476126795803
0.3333333333333333 1.3471506281091268 0.08672516093329172 0.0867252076786666
0.3333333333333333 1.539600717839002 0.046044663795854465 0.04604471376170853
0.3333333333333333 1.7320508075688772 0.04106799152085429 0.04106797060129178
0.3333333333333333 1.9245008972987525 0.046045070558291816 0.04604494259533332
0.3333333333333333 2.116950987028628 0.08677810829585433 0.08677803309504183
0.3333333333333333 2.309401076758503 0.11113462514585433 0.11113476126795845
0.4166666666666667 -2.309401076758503 0.07752976171108966 0.07752977832367261
0.4166666666666667 -2.116950987028628 0.06403339077259118 0.06403353939044772
0.4166666666666667 -1.9245008972987525 0.04725636944272331 0.04725644163504504
0.4166666666666667 -1.7320508075688772 0.044425106092484304 0.04442512305744134
0.4166666666666667 -1.539600717839002 0.04722153373405886 0.04722143725824668
0.4166666666666667 -1.3471506281091268 0.06404325384428788 0.06404326633301706
0.4166666666666667 -1.1547005383792515 0.07752976171108952 0.07752977832367265
0.4166666666666667 -0.9622504486493763 0.06403339077259103 0.06403353939044745
0.4166666666666667 -0.769800358919501 0.047256369442723295 0.047256441635045214
0.4166666666666667 -0.5773502691896257 0.04442510609248468 0.04442512305744165
0.4166666666666667 -0.3849001794597505 0.047221533734058865 0.047221437258246804
0.4166666666666667 -0.19245008972987526 0.06404325384428775 0.0640432663330169
0.4166666666666667 0.0 0.07752976171108954 0.07752977832367261
0.4166666666666667 0.19245008972987526 0.06403339077259097 0.0640335393904474
0.4166666666666667 0.3849001794597505 0.04725636944272336 0.04725644163504518
0.4166666666666667 0.5773502691896257 0.044425106092484526 0.04442512305744155
0.4166666666666667 0.769800358919501 0.047221533734058956 0.04722143725824673
0.4166666666666667 0.9622504486493763 0.06404325384428772 0.06404326633301693
0.4166666666666667 1.1547005383792515 0.07752976171108973 0.07752977832367271
0.4166666666666667 1.3471506281091268 0.06403339077259115 0.06403353939044754
0.4166666666666667 1.539600717839002 0.047256369442723274 0.04725644163504506
0.4166666666666667 1.7320508075688772 0.04442510609248418 0.04442512305744124
0.4166666666666667 1.9245008972987525 0.0472215337340588 0.04722143725824659
0.4166666666666667 2.116950987028628 0.06404325384428783 0.06404326633301716
0.4166666666666667 2.309401076758503 0.07752976171108973 0.07752977832367261
0.5 -2.309401076758503 0.057528061458374885 0.057528020494249946
0.5 -2.116950987028628 0.05324822266850277 0.05324828462125017
0.5 -1.9245008972987525 0.05324822266850248 0.053248284621249996
0.5 -1.7320508075688772 0.05752806145837482 0.05752802049424984
0.5 -1.539600717839002 0.053213613623122324 0.053213566384500186
0.5 -1.3471506281091268 0.05321361362312247 0.05321356638450012
0.5 -1.1547005383792515 0.057528061458374885 0.05752802049424992
0.5 -0.9622504486493763 0.053248222668502446 0.05324828462124991
0.5 -0.769800358919501 0.05324822266850245 0.05324828462124992
0.5 -0.5773502691896257 0.05752806145837488 0.05752802049424994
0.5 -0.3849001794597505 0.05321361362312219 0.053213566384499984
0.5 -0.19245008972987526 0.05321361362312232 0.05321356638449998
0.5 0.0 0.057528061458374906 0.057528020494249966
0.5 0.19245008972987526 0.053248222668502494 0.053248284621249836
0.5 0.3849001794597505 0.05324822266850249 0.053248284621249906
0.5 0.5773502691896257 0.05752806145837485 0.057528020494249925
0.5 0.769800358919501 0.05321361362312236 0.053213566384500005
0.5 0.9622504486493763 0.05321361362312221 0.053213566384500026
0.5 1.1547005383792515 0.05752806145837494 0.05752802049424997
0.5 1.3471506281091268 0.05324822266850248 0.053248284621249954
0.5 1.539600717839002 0.05324822266850257 0.053248284621250024
0.5 1.7320508075688772 0.0575280614583748 0.05752802049424986
0.5 1.9245008972987525 0.05321361362312242 0.05321356638450006
0.5 2.116950987028628 0.05321361362312253 0.05321356638450035
0.5 2.309401076758503 0.057528061458374836 0.05752802049424987
0.5833333333333334 -2.309401076758503 0.04442510609248465 0.04442512305744163
0.5833333333333334 -2.116950987028628 0.047256369442723316 0.04725644163504512
0.5833333333333334 -1.9245008972987525 0.06403339077259103 0.06403353939044741
0.5833333333333334 -1.7320508075688772 0.07752976171108988 0.0775297783236729
0.5833333333333334 -1.539600717839002 0.06404325384428798 0.0640432663330173
0.5833333333333334 -1.3471506281091268 0.04722153373405882 0.0472214372582466
0.5833333333333334 -1.1547005383792515 0.044425106092484526 0.04442512305744157
0.5833333333333334 -0.9622504486493763 0.04725636944272342 0.04725644163504515
0.5833333333333334 -0.769800358919501 0.0640333907725911 0.06403353939044755
0.5833333333333334 -0.5773502691896257 0.07752976171108947 0.07752977832367272
0.5833333333333334 -0.3849001794597505 0.06404325384428779 0.0640432663330171
0.5833333333333334 -0.19245008972987526 0.04722153373405889 0.04722143725824674
0.5833333333333334 0.0 0.04442510609248455 0.044425123057441576
0.5833333333333334 0.19245008972987526 0.047256369442723344 0.0472564416350451
0.5833333333333334 0.3849001794597505 0.06403339077259111 0.06403353939044755
0.5833333333333334 0.5773502691896257 0.07752976171108951 0.07752977832367257
0.5833333333333334 0.769800358919501 0.06404325384428781 0.06404326633301706
0.5833333333333334 0.9622504486493763 0.04722153373405896 0.04722143725824676
0.5833333333333334 1.1547005383792515 0.044425106092484644 0.04442512305744169
0.5833333333333334 1.3471506281091268 0.04725636944272324 0.04725644163504504
0.5833333333333334 1.539600717839002 0.06403339077259138 0.06403353939044776
0.5833333333333334 1.7320508075688772 0.07752976171108979 0.07752977832367297
0.5833333333333334 1.9245008972987525 0.06404325384428769 0.06404326633301682
0.5833333333333334 2.116950987028628 0.04722153373405887 0.04722143725824673
0.5833333333333334 2.309401076758503 0.04442510609248475 0.04442512305744171
0.6666666666666666 -2.309401076758503 0.04106799152085404 0.041067970601291456
0.6666666666666666 -2.116950987028628 0.04604466379585405 0.046044713761708156
0.6666666666666666 -1.9245008972987525 0.0867251609332916 0.08672520767866662
0.6666666666666666 -1.7320508075688772 0.11113462514585393 0.11113476126795808
0.6666666666666666 -1.539600717839002 0.08677810829585435 0.08677803309504173
0.6666666666666666 -1.3471506281091268 0.04604507055829173 0.046044942595333274
0.6666666666666666 -1.1547005383792515 0.04106799152085429 0.04106797060129176
0.6666666666666666 -0.9622504486493763 0.04604466379585408 0.04604471376170807
0.6666666666666666 -0.769800358919501 0.08672516093329179 0.08672520767866668
0.6666666666666666 -0.5773502691896257 0.11113462514585391 0.11113476126795817
0.6666666666666666 -0.3849001794597505 0.08677810829585428 0.08677803309504169
0.6666666666666666 -0.19245008972987526 0.04604507055829183 0.04604494259533326
0.6666666666666666 0.0 0.04106799152085417 0.04106797060129166
0.6666666666666666 0.19245008972987526 0.046044663795854264 0.04604471376170839
0.6666666666666666 0.3849001794597505 0.08672516093329181 0.08672520767866661
0.6666666666666666 0.5773502691896257 0.11113462514585391 0.11113476126795832
0.6666666666666666 0.769800358919501 0.08677810829585436 0.08677803309504156
0.6666666666666666 0.9622504486493763 0.04604507055829163 0.04604494259533309
0.6666666666666666 1.1547005383792515 0.0410679915208543 0.04106797060129178
0.6666666666666666 1.3471506281091268 0.04604466379585424 0.04604471376170837
0.6666666666666666 1.539600717839002 0.08672516093329181 0.0867252076786668
0.6666666666666666 1.7320508075688772 0.1111346251458538 0.11113476126795824
0.6666666666666666 1.9245008972987525 0.08677810829585432 0.08677803309504158
0.6666666666666666 2.116950987028628 0.046045070558291566 0.04604494259533317
0.6666666666666666 2.309401076758503 0.041067991520854046 0.041067970601291554
0.75 -2.309401076758503 0.04079181249779539 0.04079173004371491
0.75 -2.116950987028628 0.047526306373883706 0.04752632973691408
0.75 -1.9245008972987525 0.13449001619159562 0.1344904594342922
0.75 -1.7320508075688772 0.43138123791887106 0.43138212720628577
0.75 -1.539600717839002 0.13452005959011717 0.13452038793917281
0.75 -1.3471506281091268 0.047552427427736584 0.04755235063962121
0.75 -1.1547005383792515 0.040791812497795496 0.04079173004371517
0.75 -0.9622504486493763 0.047526306373883734 0.04752632973691418
0.75 -0.769800358919501 0.134490016191596 0.13449045943429228
0.75 -0.5773502691896257 0.43138123791887106 0.4313821272062859
0.75 -0.3849001794597505 0.13452005959011729 0.13452038793917273
0.75 -0.19245008972987526 0.04755242742773661 0.04755235063962115
0.75 0.0 0.040791812497795475 0.040791730043715085
0.75 0.19245008972987526 0.047526306373883685 0.047526329736914216
0.75 0.3849001794597505 0.13449001619159584 0.13449045943429222
0.75 0.5773502691896257 0.4313812379188706 0.4313821272062857
0.75 0.769800358919501 0.134520059590117 0.13452038793917276
0.75 0.9622504486493763 0.04755242742773672 0.047552350639621155
0.75 1.1547005383792515 0.040791812497795614 0.0407917300437152
0.75 1.3471506281091268 0.04752630637388362 0.04752632973691409
0.75 1.539600717839002 0.1344900161915959 0.1344904594342923
0.75 1.7320508075688772 0.431381237918871 0.43138212720628544
0.75 1.9245008972987525 0.13452005959011668 0.13452038793917245
0.75 2.116950987028628 0.04755242742773671 0.04755235063962112
0.75 2.309401076758503 0.040791812497795496 0.04079173004371504
0.8333333333333334 -2.309401076758503 0.04035215511530125 0.04035204937821331
0.8333333333333334 -2.116950987028628 0.05092142347509292 0.050921433795120166
0.8333333333333334 -1.9245008972987525 0.4243539200675885 0.4243550550687148
0.8333333333333334 -1.7320508075688772 0.7432099890513227 0.7432102742525373
0.8333333333333334 -1.539600717839002 0.42443167461665676 0.4244327881808802
0.8333333333333334 -1.3471506281091268 0.05096070742403665 0.0509606278245349
0.8333333333333334 -1.1547005383792515 0.04035215511530126 0.040352049378213274
0.8333333333333334 -0.9622504486493763 0.050921423475093076 0.05092143379512028
0.8333333333333334 -0.769800358919501 0.4243539200675886 0.4243550550687149
0.8333333333333334 -0.5773502691896257 0.7432099890513232 0.7432102742525374
0.8333333333333334 -0.3849001794597505 0.4244316746166566 0.4244327881808798
0.8333333333333334 -0.19245008972987526 0.0509607074240369 0.050960627824535164
0.8333333333333334 0.0 0.04035215511530115 0.04035204937821313
0.8333333333333334 0.19245008972987526 0.050921423475093035 0.050921433795120145
0.8333333333333334 0.3849001794597505 0.4243539200675886 0.4243550550687152
0.8333333333333334 0.5773502691896257 0.7432099890513222 0.743210274252537
0.8333333333333334 0.769800358919501 0.4244316746166565 0.4244327881808797
0.8333333333333334 0.9622504486493763 0.05096070742403706 0.05096062782453529
0.8333333333333334 1.1547005383792515 0.040352155115301276 0.04035204937821334
0.8333333333333334 1.3471506281091268 0.05092142347509284 0.05092143379511991
0.8333333333333334 1.539600717839002 0.42435392006758893 0.42435505506871557
0.8333333333333334 1.7320508075688772 0.7432099890513226 0.7432102742525374
0.8333333333333334 1.9245008972987525 0.42443167461665643 0.4244327881808793
0.8333333333333334 2.116950987028628 0.05096070742403698 0.05096062782453516
0.8333333333333334 2.309401076758503 0.04035215511530137 0.04035204937821333
0.9166666666666666 -2.309401076758503 0.04131127774557623 0.041311115011885176
0.9166666666666666 -2.116950987028628 0.05464217336537979 0.0546421232798645
0.9166666666666666 -1.9245008972987525 0.7194012227749861 0.7194013278295477
0.9166666666666666 -1.7320508075688772 0.757861350284181 0.7578616781070002
0.9166666666666666 -1.539600717839002 0.7194116942113026 0.7194117103214398
0.9166666666666666 -1.3471506281091268 0.05467480602133592 0.05467469695238945
0.9166666666666666 -1.1547005383792515 0.041311277745576386 0.04131111501188541
0.9166666666666666 -0.9622504486493763 0.05464217336537974 0.05464212327986437
0.9166666666666666 -0.769800358919501 0.7194012227749856 0.7194013278295474
0.9166666666666666 -0.5773502691896257 0.7578613502841812 0.7578616781070002
0.9166666666666666 -0.3849001794597505 0.7194116942113029 0.7194117103214397
0.9166666666666666 -0.19245008972987526 0.05467480602133612 0.05467469695238984
0.9166666666666666 0.0 0.041311277745576545 0.04131111501188545
0.9166666666666666 0.19245008972987526 0.05464217336537965 0.05464212327986426
0.9166666666666666 0.3849001794597505 0.7194012227749859 0.7194013278295474
0.9166666666666666 0.5773502691896257 0.7578613502841812 0.7578616781070007
0.9166666666666666 0.769800358919501 0.7194116942113034 0.7194117103214398
0.9166666666666666 0.9622504486493763 0.05467480602133627 0.05467469695238994
0.9166666666666666 1.1547005383792515 0.041311277745576504 0.04131111501188543
0.9166666666666666 1.3471506281091268 0.05464217336537951 0.05464212327986415
0.9166666666666666 1.539600717839002 0.7194012227749859 0.7194013278295478
0.9166666666666666 1.7320508075688772 0.7578613502841811 0.7578616781070009
0.9166666666666666 1.9245008972987525 0.7194116942113031 0.719411710321439
0.9166666666666666 2.116950987028628 0.05467480602133627 0.05467469695238996
0.9166666666666666 2.309401076758503 0.04131127774557631 0.04131111501188525
1.0 -2.309401076758503 0.04233258033329179 0.04233242408908334
1.0 -2.116950987028628 0.05648719233335425 0.056487119663791725
1.0 -1.9245008972987525 0.7201199884583532 0.7201203065804572
1.0 -1.7320508075688772 0.7623391825832923 0.7623395204224173
1.0 -1.539600717839002 0.720119988458353 0.7201203065804579
1.0 -1.3471506281091268 0.05648719233335401 0.05648711966379143
1.0 -1.1547005383792515 0.04233258033329179 0.04233242408908334
1.0 -0.9622504486493763 0.05648719233335425 0.05648711966379164
1.0 -0.769800358919501 0.7201199884583532 0.7201203065804573
1.0 -0.5773502691896257 0.7623391825832923 0.7623395204224173
1.0 -0.3849001794597505 0.7201199884583531 0.7201203065804574
1.0 -0.19245008972987526 0.05648719233335417 0.05648711966379169
1.0 0.0 0.04233258033329179 0.04233242408908334
1.0 0.19245008972987526 0.05648719233335424 0.05648711966379182
1.0 0.3849001794597505 0.7201199884583528 0.7201203065804571
1.0 0.5773502691896257 0.7623391825832923 0.7623395204224173
1.0 0.769800358919501 0.7201199884583532 0.7201203065804573
1.0 0.9622504486493763 0.056487192333354204 0.056487119663791586
1.0 1.1547005383792515 0.04233258033329179 0.04233242408908334
1.0 1.3471506281091268 0.056487192333353926 0.05648711966379141
1.0 1.539600717839002 0.7201199884583531 0.7201203065804576
1.0 1.7320508075688772 0.7623391825832923 0.7623395204224173
1.0 1.9245008972987525 0.7201199884583532 0.7201203065804571
1.0 2.116950987028628 0.05648719233335428 0.05648711966379161
1.0 2.309401076758503 0.04233258033329179 0.04233242408908334
1.0833333333333333 -2.309401076758503 0.04131127774557687 0.04131111501188591
1.0833333333333333 -2.116950987028628 0.0546748060213361 0.05467469695238992
1.0833333333333333 -1.9245008972987525 0.7194116942113029 0.7194117103214395
1.0833333333333333 -1.7320508075688772 0.757861350284181 0.7578616781070007
1.0833333333333333 -1.539600717839002 0.7194012227749861 0.7194013278295484
1.0833333333333333 -1.3471506281091268 0.0546421733653796 0.05464212327986435
1.0833333333333333 -1.1547005383792515 0.041311277745577 0.041311115011885884
1.0833333333333333 -0.9622504486493763 0.05467480602133629 0.054674696952390085
1.0833333333333333 -0.769800358919501 0.7194116942113037 0.7194117103214401
1.0833333333333333 -0.5773502691896257 0.7578613502841813 0.7578616781070004
1.0833333333333333 -0.3849001794597505 0.7194012227749861 0.7194013278295478
1.0833333333333333 -0.19245008972987526 0.054642173365379694 0.05464212327986443
1.0833333333333333 0.0 0.04131127774557694 0.04131111501188594
1.0833333333333333 0.19245008972987526 0.05467480602133616 0.054674696952389884
1.0833333333333333 0.3849001794597505 0.7194116942113031 0.7194117103214402
1.0833333333333333 0.5773502691896257 0.7578613502841816 0.7578616781070004
1.0833333333333333 0.769800358919501 0.7194012227749855 0.7194013278295475
1.0833333333333333 0.9622504486493763 0.054642173365379965 0.05464212327986468
1.0833333333333333 1.1547005383792515 0.04131127774557695 0.04131111501188587
1.0833333333333333 1.3471506281091268 0.05467480602133595 0.054674696952389794
1.0833333333333333 1.539600717839002 0.719411694211303 0.7194117103214401
1.0833333333333333 1.7320508075688772 0.7578613502841813 0.7578616781070007
1.0833333333333333 1.9245008972987525 0.7194012227749863 0.719401327829548
1.0833333333333333 2.116950987028628 0.05464217336537965 0.054642123279864487
1.0833333333333333 2.309401076758503 0.04131127774557689 0.0413111150118859
1.1666666666666667 -2.309401076758503 0.04035215511530119 0.040352049378213156
1.1666666666666667 -2.116950987028628 0.0509607074240368 0.05096062782453504
1.1666666666666667 -1.9245008972987525 0.42443167461665654 0.4244327881808792
1.1666666666666667 -1.7320508075688772 0.743209989051322 0.7432102742525366
1.1666666666666667 -1.539600717839002 0.42435392006758876 0.4243550550687151
1.1666666666666667 -1.3471506281091268 0.05092142347509293 0.05092143379512004
1.1666666666666667 -1.1547005383792515 0.04035215511530086 0.04035204937821286
1.1666666666666667 -0.9622504486493763 0.05096070742403674 0.050960627824534976
1.1666666666666667 -0.769800358919501 0.4244316746166563 0.4244327881808794
1.1666666666666667 -0.5773502691896257 0.7432099890513221 0.743210274252537
1.1666666666666667 -0.3849001794597505 0.4243539200675885 0.42435505506871496
1.1666666666666667 -0.19245008972987526 0.05092142347509293 0.05092143379512001
1.1666666666666667 0.0 0.040352155115301165 0.040352049378213045
1.1666666666666667 0.19245008972987526 0.0509607074240368 0.050960627824535004
1.1666666666666667 0.3849001794597505 0.4244316746166565 0.4244327881808798
1.1666666666666667 0.5773502691896257 0.7432099890513221 0.743210274252537
1.1666666666666667 0.769800358919501 0.42435392006758843 0.4243550550687146
1.1666666666666667 0.9622504486493763 0.0509214234750927 0.050921433795119944
1.1666666666666667 1.1547005383792515 0.040352155115300874 0.04035204937821275
1.1666666666666667 1.3471506281091268 0.05096070742403671 0.05096062782453494
1.1666666666666667 1.539600717839002 0.4244316746166566 0.42443278818088
1.1666666666666667 1.7320508075688772 0.7432099890513221 0.7432102742525366
1.1666666666666667 1.9245008972987525 0.4243539200675884 0.4243550550687149
1.1666666666666667 2.116950987028628 0.05092142347509289 0.050921433795120104
1.1666666666666667 2.309401076758503 0.040352155115301096 0.0403520493782131
1.25 -2.309401076758503 0.04079181249779529 0.040791730043714794
1.25 -2.116950987028628 0.04755242742773657 0.04755235063962102
1.25 -1.9245008972987525 0.13452005959011684 0.13452038793917262
1.25 -1.7320508075688772 0.43138123791887123 0.43138212720628544
1.25 -1.539600717839002 0.13449001619159578 0.13449045943429233
1.25 -1.3471506281091268 0.04752630637388349 0.04752632973691387
1.25 -1.1547005383792515 0.04079181249779541 0.0407917300437149
1.25 -0.9622504486493763 0.04755242742773645 0.04755235063962091
1.25 -0.769800358919501 0.13452005959011681 0.13452038793917256
1.25 -0.5773502691896257 0.43138123791887145 0.4313821272062862
1.25 -0.3849001794597505 0.13449001619159592 0.13449045943429244
1.25 -0.19245008972987526 0.0475263063738835 0.047526329736914
1.25 0.0 0.040791812497795316 0.04079173004371486
1.25 0.19245008972987526 0.047552427427736466 0.04755235063962104
1.25 0.3849001794597505 0.13452005959011729 0.13452038793917276
1.25 0.5773502691896257 0.43138123791887134 0.4313821272062862
1.25 0.769800358919501 0.13449001619159562 0.13449045943429191
1.25 0.9622504486493763 0.04752630637388337 0.04752632973691391
1.25 1.1547005383792515 0.04079181249779537 0.0407917300437149
1.25 1.3471506281091268 0.04755242742773645 0.047552350639621044
1.25 1.539600717839002 0.13452005959011717 0.13452038793917273
1.25 1.7320508075688772 0.4313812379188712 0.4313821272062858
1.25 1.9245008972987525 0.13449001619159578 0.1344904594342922
1.25 2.116950987028628 0.04752630637388353 0.047526329736914064
1.25 2.309401076758503 0.04079181249779507 0.04079173004371464
1.3333333333333333 -2.309401076758503 0.041067991520853886 0.04106797060129133
1.3333333333333333 -2.116950987028628 0.046045070558292 0.046044942595333434
1.3333333333333333 -1.9245008972987525 0.08677810829585392 0.08677803309504124
1.3333333333333333 -1.7320508075688772 0.11113462514585375 0.1111347612679581
1.3333333333333333 -1.539600717839002 0.08672516093329193 0.0867252076786668
1.3333333333333333 -1.3471506281091268 0.046044663795854236 0.04604471376170827
1.3333333333333333 -1.1547005383792515 0.04106799152085426 0.04106797060129177
1.3333333333333333 -0.9622504486493763 0.04604507055829179 0.046044942595333226
1.3333333333333333 -0.769800358919501 0.08677810829585446 0.08677803309504165
1.3333333333333333 -0.5773502691896257 0.11113462514585408 0.11113476126795833
1.3333333333333333 -0.3849001794597505 0.08672516093329184 0.08672520767866673
1.3333333333333333 -0.19245008972987526 0.04604466379585429 0.046044713761708225
1.3333333333333333 0.0 0.04106799152085401 0.041067970601291616
1.3333333333333333 0.19245008972987526 0.04604507055829183 0.04604494259533324
1.3333333333333333 0.3849001794597505 0.08677810829585444 0.08677803309504176
1.3333333333333333 0.5773502691896257 0.11113462514585416 0.11113476126795836
1.3333333333333333 0.769800358919501 0.0867251609332919 0.08672520767866679
1.3333333333333333 0.9622504486493763 0.0460446637958542 0.04604471376170831
1.3333333333333333 1.1547005383792515 0.04106799152085418 0.0410679706012917
1.3333333333333333 1.3471506281091268 0.04604507055829174 0.04604494259533319
1.3333333333333333 1.539600717839002 0.08677810829585446 0.08677803309504183
1.3333333333333333 1.7320508075688772 0.11113462514585389 0.11113476126795795
1.3333333333333333 1.9245008972987525 0.08672516093329166 0.08672520767866651
1.3333333333333333 2.116950987028628 0.04604466379585433 0.04604471376170844
1.3333333333333333 2.309401076758503 0.041067991520853823 0.0410679706012913
1.4166666666666667 -2.309401076758503 0.044425106092484894 0.044425123057441895
1.4166666666666667 -2.116950987028628 0.04722153373405901 0.047221437258246825
1.4166666666666667 -1.9245008972987525 0.0640432538442878 0.06404326633301696
1.4166666666666667 -1.7320508075688772 0.07752976171108983 0.07752977832367285
1.4166666666666667 -1.539600717839002 0.06403339077259107 0.06403353939044748
1.4166666666666667 -1.3471506281091268 0.04725636944272322 0.04725644163504501
1.4166666666666667 -1.1547005383792515 0.044425106092484304 0.044425123057441285
1.4166666666666667 -0.9622504486493763 0.047221533734059 0.047221437258246804
1.4166666666666667 -0.769800358919501 0.0640432538442878 0.06404326633301692
1.4166666666666667 -0.5773502691896257 0.07752976171108965 0.07752977832367262
1.4166666666666667 -0.3849001794597505 0.06403339077259103 0.06403353939044737
1.4166666666666667 -0.19245008972987526 0.047256369442723475 0.04725644163504527
1.4166666666666667 0.0 0.04442510609248452 0.04442512305744156
1.4166666666666667 0.19245008972987526 0.047221533734059046 0.04722143725824689
1.4166666666666667 0.3849001794597505 0.06404325384428772 0.06404326633301685
1.4166666666666667 0.5773502691896257 0.0775297617110896 0.07752977832367265
1.4166666666666667 0.769800358919501 0.06403339077259108 0.06403353939044747
1.4166666666666667 0.9622504486493763 0.04725636944272341 0.04725644163504519
1.4166666666666667 1.1547005383792515 0.044425106092484186 0.044425123057441306
1.4166666666666667 1.3471506281091268 0.04722153373405881 0.04722143725824664
1.4166666666666667 1.539600717839002 0.06404325384428779 0.0640432663330171
1.4166666666666667 1.7320508075688772 0.07752976171108988 0.0775297783236728
1.4166666666666667 1.9245008972987525 0.06403339077259103 0.06403353939044744
1.4166666666666667 2.116950987028628 0.04725636944272339 0.04725644163504523
1.4166666666666667 2.309401076758503 0.044425106092484776 0.04442512305744183
1.5 -2.309401076758503 0.05752806145837481 0.05752802049424984
1.5 -2.116950987028628 0.05321361362312259 0.05321356638450046
1.5 -1.9245008972987525 0.0532136136231223 0.053213566384499957
1.5 -1.7320508075688772 0.05752806145837466 0.057528020494249724
1.5 -1.539600717839002 0.053248222668502675 0.05324828462125017
1.5 -1.3471506281091268 0.053248222668502695 0.05324828462125
1.5 -1.1547005383792515 0.05752806145837481 0.057528020494249855
1.5 -0.9622504486493763 0.05321361362312224 0.0532135663845
1.5 -0.769800358919501 0.05321361362312243 0.05321356638450007
1.5 -0.5773502691896257 0.05752806145837492 0.05752802049424998
1.5 -0.3849001794597505 0.053248222668502494 0.05324828462124998
1.5 -0.19245008972987526 0.05324822266850263 0.053248284621249996
1.5 0.0 0.05752806145837489 0.05752802049424998
1.5 0.19245008972987526 0.05321361362312244 0.053213566384500074
1.5 0.3849001794597505 0.0532136136231223 0.05321356638450009
1.5 0.5773502691896257 0.05752806145837496 0.05752802049425002
1.5 0.769800358919501 0.05324822266850254 0.05324828462124997
1.5 0.9622504486493763 0.05324822266850252 0.053248284621249954
1.5 1.1547005383792515 0.05752806145837474 0.05752802049424977
1.5 1.3471506281091268 0.053213613623122505 0.053213566384500165
1.5 1.539600717839002 0.05321361362312245 0.05321356638450023
1.5 1.7320508075688772 0.05752806145837469 0.05752802049424971
1.5 1.9245008972987525 0.05324822266850242 0.053248284621249885
1.5 2.116950987028628 0.053248222668502834 0.05324828462125025
1.5 2.309401076758503 0.05752806145837471 0.05752802049424977
1.5833333333333333 -2.309401076758503 0.07752976171108913 0.07752977832367201
1.5833333333333333 -2.116950987028628 0.06404325384428777 0.06404326633301713
1.5833333333333333 -1.9245008972987525 0.047221533734058796 0.047221437258246624
1.5833333333333333 -1.7320508075688772 0.04442510609248422 0.0444251230574412
1.5833333333333333 -1.539600717839002 0.047256369442722934 0.047256441635044714
1.5833333333333333 -1.3471506281091268 0.06403339077259101 0.06403353939044741
1.5833333333333333 -1.1547005383792515 0.07752976171108973 0.07752977832367279
1.5833333333333333 -0.9622504486493763 0.06404325384428775 0.06404326633301696
1.5833333333333333 -0.769800358919501 0.04722153373405878 0.04722143725824659
1.5833333333333333 -0.5773502691896257 0.04442510609248456 0.04442512305744157
1.5833333333333333 -0.3849001794597505 0.04725636944272318 0.04725644163504501
1.5833333333333333 -0.19245008972987526 0.06403339077259103 0.06403353939044731
1.5833333333333333 0.0 0.07752976171108922 0.07752977832367242
1.5833333333333333 0.19245008972987526 0.06404325384428768 0.06404326633301699
1.5833333333333333 0.3849001794597505 0.04722153373405884 0.04722143725824662
1.5833333333333333 0.5773502691896257 0.044425106092484505 0.04442512305744162
1.5833333333333333 0.769800358919501 0.047256369442723156 0.04725644163504492
1.5833333333333333 0.9622504486493763 0.06403339077259118 0.06403353939044756
1.5833333333333333 1.1547005383792515 0.07752976171108954 0.0775297783236728
1.5833333333333333 1.3471506281091268 0.0640432538442879 0.064043266333017
1.5833333333333333 1.539600717839002 0.04722153373405854 0.04722143725824642
1.5833333333333333 1.7320508075688772 0.044425106092484234 0.044425123057441215
1.5833333333333333 1.9245008972987525 0.04725636944272313 0.04725644163504506
1.5833333333333333 2.116950987028628 0.06403339077259121 0.06403353939044755
1.5833333333333333 2.309401076758503 0.07752976171108901 0.077529778323672
1.6666666666666667 -2.309401076758503 0.11113462514585408 0.11113476126795821
1.6666666666666667 -2.116950987028628 0.08677810829585428 0.08677803309504183
1.6666666666666667 -1.9245008972987525 0.046045070558291684 0.04604494259533324
1.6666666666666667 -1.7320508075688772 0.04106799152085422 0.04106797060129175
1.6666666666666667 -1.539600717839002 0.04604466379585451 0.046044713761708544
1.6666666666666667 -1.3471506281091268 0.08672516093329169 0.0867252076786667
1.6666666666666667 -1.1547005383792515 0.11113462514585391 0.11113476126795789
1.6666666666666667 -0.9622504486493763 0.0867781082958547 0.0867780330950421
1.6666666666666667 -0.769800358919501 0.046045070558291885 0.04604494259533345
1.6666666666666667 -0.5773502691896257 0.04106799152085412 0.04106797060129167
1.6666666666666667 -0.3849001794597505 0.046044663795854174 0.04604471376170815
1.6666666666666667 -0.19245008972987526 0.0867251609332917 0.0867252076786666
1.6666666666666667 0.0 0.11113462514585402 0.11113476126795836
1.6666666666666667 0.19245008972987526 0.08677810829585432 0.08677803309504159
1.6666666666666667 0.3849001794597505 0.04604507055829167 0.046044942595333115
1.6666666666666667 0.5773502691896257 0.04106799152085418 0.04106797060129167
1.6666666666666667 0.769800358919501 0.0460446637958543 0.046044713761708427
1.6666666666666667 0.9622504486493763 0.08672516093329218 0.08672520767866708
1.6666666666666667 1.1547005383792515 0.11113462514585382 0.1111347612679581
1.6666666666666667 1.3471506281091268 0.0867781082958544 0.08677803309504176
1.6666666666666667 1.539600717839002 0.046045070558291885 0.04604494259533352
1.6666666666666667 1.7320508075688772 0.04106799152085427 0.04106797060129176
1.6666666666666667 1.9245008972987525 0.04604466379585419 0.046044713761708225
1.6666666666666667 2.116950987028628 0.08672516093329188 0.08672520767866683
1.6666666666666667 2.309401076758503 0.11113462514585382 0.11113476126795817
1.75 -2.309401076758503 0.43138123791887084 0.4313821272062859
1.75 -2.116950987028628 0.1345200595901169 0.13452038793917248
1.75 -1.9245008972987525 0.04755242742773665 0.047552350639621245
1.75 -1.7320508075688772 0.04079181249779549 0.040791730043715
1.75 -1.539600717839002 0.04752630637388386 0.04752632973691427
1.75 -1.3471506281091268 0.13449001619159595 0.13449045943429225
1.75 -1.1547005383792515 0.43138123791887073 0.4313821272062859
1.75 -0.9622504486493763 0.13452005959011704 0.13452038793917273
1.75 -0.769800358919501 0.047552427427736736 0.047552350639621266
1.75 -0.5773502691896257 0.040791812497795524 0.0407917300437151
1.75 -0.3849001794597505 0.04752630637388388 0.047526329736914286
1.75 -0.19245008972987526 0.13449001619159617 0.13449045943429233
1.75 0.0 0.4313812379188706 0.4313821272062859
1.75 0.19245008972987526 0.1345200595901173 0.13452038793917287
1.75 0.3849001794597505 0.04755242742773676 0.04755235063962131
1.75 0.5773502691896257 0.04079181249779558 0.0407917300437152
1.75 0.769800358919501 0.04752630637388371 0.047526329736914195
1.75 0.9622504486493763 0.1344900161915958 0.13449045943429214
1.75 1.1547005383792515 0.4313812379188706 0.4313821272062856
1.75 1.3471506281091268 0.13452005959011681 0.13452038793917248
1.75 1.539600717839002 0.0475524274277369 0.04755235063962135
1.75 1.7320508075688772 0.040791812497795475 0.04079173004371508
1.75 1.9245008972987525 0.047526306373883706 0.04752632973691422
1.75 2.116950987028628 0.13449001619159573 0.13449045943429216
1.75 2.309401076758503 0.43138123791887084 0.43138212720628544
1.8333333333333333 -2.309401076758503 0.7432099890513224 0.7432102742525366
1.8333333333333333 -2.116950987028628 0.4244316746166559 0.42443278818087943
1.8333333333333333 -1.9245008972987525 0.05096070742403691 0.05096062782453512
1.8333333333333333 -1.7320508075688772 0.04035215511530104 0.040352049378213066
1.8333333333333333 -1.539600717839002 0.05092142347509279 0.05092143379511999
1.8333333333333333 -1.3471506281091268 0.42435392006758826 0.4243550550687144
1.8333333333333333 -1.1547005383792515 0.7432099890513222 0.7432102742525369
1.8333333333333333 -0.9622504486493763 0.424431674616656 0.4244327881808791
1.8333333333333333 -0.769800358919501 0.05096070742403661 0.05096062782453482
1.8333333333333333 -0.5773502691896257 0.04035215511530108 0.04035204937821309
1.8333333333333333 -0.3849001794597505 0.05092142347509276 0.05092143379511982
1.8333333333333333 -0.19245008972987526 0.4243539200675882 0.4243550550687144
1.8333333333333333 0.0 0.7432099890513221 0.7432102742525367
1.8333333333333333 0.19245008972987526 0.42443167461665604 0.42443278818087915
1.8333333333333333 0.3849001794597505 0.050960707424036675 0.05096062782453496
1.8333333333333333 0.5773502691896257 0.04035215511530111 0.04035204937821311
1.8333333333333333 0.769800358919501 0.05092142347509281 0.050921433795119875
1.8333333333333333 0.9622504486493763 0.42435392006758804 0.4243550550687143
1.8333333333333333 1.1547005383792515 0.7432099890513223 0.743210274252537
1.8333333333333333 1.3471506281091268 0.42443167461665626 0.424432788180879
1.8333333333333333 1.539600717839002 0.050960707424036904 0.050960627824535046
1.8333333333333333 1.7320508075688772 0.04035215511530114 0.040352049378213024
1.8333333333333333 1.9245008972987525 0.05092142347509311 0.0509214337951202
1.8333333333333333 2.116950987028628 0.42435392006758826 0.4243550550687149
1.8333333333333333 2.309401076758503 0.7432099890513221 0.7432102742525367
1.9166666666666667 -2.309401076758503 0.757861350284181 0.7578616781070007
1.9166666666666667 -2.116950987028628 0.7194116942113027 0.71941171032144
1.9166666666666667 -1.9245008972987525 0.054674806021336175 0.054674696952389884
1.9166666666666667 -1.7320508075688772 0.04131127774557667 0.04131111501188568
1.9166666666666667 -1.539600717839002 0.0546421733653796 0.054642123279864334
1.9166666666666667 -1.3471506281091268 0.7194012227749862 0.719401327829548
1.9166666666666667 -1.1547005383792515 0.7578613502841811 0.7578616781069998
1.9166666666666667 -0.9622504486493763 0.719411694211303 0.7194117103214401
1.9166666666666667 -0.769800358919501 0.05467480602133632 0.05467469695239007
1.9166666666666667 -0.5773502691896257 0.04131127774557681 0.04131111501188575
1.9166666666666667 -0.3849001794597505 0.05464217336537996 0.05464212327986461
1.9166666666666667 -0.19245008972987526 0.7194012227749861 0.7194013278295477
1.9166666666666667 0.0 0.7578613502841814 0.7578616781070006
1.9166666666666667 0.19245008972987526 0.7194116942113036 0.7194117103214404
1.9166666666666667 0.3849001794597505 0.05467480602133629 0.054674696952390175
1.9166666666666667 0.5773502691896257 0.04131127774557683 0.0413111150118858
1.9166666666666667 0.769800358919501 0.05464217336537989 0.054642123279864695
1.9166666666666667 0.9622504486493763 0.7194012227749861 0.719401327829548
1.9166666666666667 1.1547005383792515 0.7578613502841809 0.7578616781070004
1.9166666666666667 1.3471506281091268 0.7194116942113035 0.7194117103214397
1.9166666666666667 1.539600717839002 0.05467480602133604 0.05467469695238985
1.9166666666666667 1.7320508075688772 0.0413112777455767 0.0413111150118857
1.9166666666666667 1.9245008972987525 0.054642173365379645 0.05464212327986437
1.9166666666666667 2.116950987028628 0.7194012227749862 0.7194013278295481
1.9166666666666667 2.309401076758503 0.7578613502841812 0.757861678107001
2.0 -2.309401076758503 0.7623391825832923 0.7623395204224173
2.0 -2.116950987028628 0.7201199884583527 0.7201203065804577
2.0 -1.9245008972987525 0.056487192333354176 0.05648711966379164
2.0 -1.7320508075688772 0.04233258033329179 0.04233242408908334
2.0 -1.539600717839002 0.05648719233335416 0.05648711966379151
2.0 -1.3471506281091268 0.7201199884583535 0.7201203065804576
2.0 -1.1547005383792515 0.7623391825832923 0.7623395204224173
2.0 -0.9622504486493763 0.7201199884583532 0.7201203065804578
2.0 -0.769800358919501 0.05648719233335404 0.056487119663791545
2.0 -0.5773502691896257 0.04233258033329179 0.04233242408908334
2.0 -0.3849001794597505 0.056487192333353954 0.056487119663791364
2.0 -0.19245008972987526 0.7201199884583526 0.7201203065804572
2.0 0.0 0.7623391825832923 0.7623395204224173
2.0 0.19245008972987526 0.7201199884583531 0.7201203065804568
2.0 0.3849001794597505 0.05648719233335397 0.05648711966379126
2.0 0.5773502691896257 0.04233258033329179 0.04233242408908334
2.0 0.769800358919501 0.05648719233335417 0.05648711966379157
2.0 0.9622504486493763 0.7201199884583531 0.7201203065804576
2.0 1.1547005383792515 0.7623391825832923 0.7623395204224173
2.0 1.3471506281091268 0.7201199884583535 0.7201203065804572
2.0 1.539600717839002 0.05648719233335404 0.05648711966379145
2.0 1.7320508075688772 0.04233258033329179 0.04233242408908334
2.0 1.9245008972987525 0.056487192333354225 0.05648711966379162
2.0 2.116950987028628 0.7201199884583529 0.7201203065804579
2.0 2.309401076758503 0.7623391825832923 0.7623395204224173
