-2.0 -2.309401076758503 0.6533516852166668 0.6533546590999992
-2.0 -2.116950987028628 0.6468339527479168 0.6468334366729178
-2.0 -1.9245008972987525 0.23013888282291692 0.2302152111562502
-2.0 -1.7320508075688772 0.1696996170166665 0.16966109399166648
-2.0 -1.539600717839002 0.23013888282291725 0.2302152111562502
-2.0 -1.3471506281091268 0.6468339527479177 0.6468334366729175
-2.0 -1.1547005383792515 0.6533516852166668 0.6533546590999992
-2.0 -0.9622504486493763 0.646833952747917 0.6468334366729177
-2.0 -0.769800358919501 0.23013888282291703 0.2302152111562504
-2.0 -0.5773502691896257 0.1696996170166665 0.16966109399166648
-2.0 -0.3849001794597505 0.230138882822917 0.23021521115625046
-2.0 -0.19245008972987526 0.6468339527479172 0.6468334366729178
-2.0 0.0 0.6533516852166668 0.6533546590999992
-2.0 0.19245008972987526 0.6468339527479174 0.6468334366729176
-2.0 0.3849001794597505 0.23013888282291697 0.23021521115625054
-2.0 0.5773502691896257 0.1696996170166665 0.16966109399166648
-2.0 0.769800358919501 0.23013888282291714 0.23021521115625027
-2.0 0.9622504486493763 0.646833952747917 0.646833436672918
-2.0 1.1547005383792515 0.6533516852166668 0.6533546590999992
-2.0 1.3471506281091268 0.6468339527479174 0.6468334366729176
-2.0 1.539600717839002 0.23013888282291686 0.23021521115625032
-2.0 1.7320508075688772 0.1696996170166665 0.16966109399166648
-2.0 1.9245008972987525 0.23013888282291717 0.23021521115624993
-2.0 2.116950987028628 0.6468339527479161 0.6468334366729176
-2.0 2.309401076758503 0.6533516852166668 0.6533546590999992
-1.9166666666666667 -2.309401076758503 0.6503745223065001 0.65037366767294
-1.9166666666666667 -2.116950987028628 0.645519175335308 0.6455118750593499
-1.9166666666666667 -1.9245008972987525 0.21901644017477734 0.21903154240293016
-1.9166666666666667 -1.7320508075688772 0.1672928028559824 0.1672971301701594
-1.9166666666666667 -1.539600717839002 0.21906356844706923 0.219078752344675
-1.9166666666666667 -1.3471506281091268 0.645536791496135 0.6455284856097788
-1.9166666666666667 -1.1547005383792515 0.6503745223065001 0.6503736676729401
-1.9166666666666667 -0.9622504486493763 0.6455191753353084 0.6455118750593498
-1.9166666666666667 -0.769800358919501 0.21901644017477737 0.21903154240292994
-1.9166666666666667 -0.5773502691896257 0.16729280285598208 0.1672971301701593
-1.9166666666666667 -0.3849001794597505 0.2190635684470694 0.21907875234467517
-1.9166666666666667 -0.19245008972987526 0.645536791496135 0.6455284856097787
-1.9166666666666667 0.0 0.6503745223064998 0.65037366767294
-1.9166666666666667 0.19245008972987526 0.6455191753353078 0.6455118750593494
-1.9166666666666667 0.3849001794597505 0.21901644017477714 0.21903154240292974
-1.9166666666666667 0.5773502691896257 0.16729280285598205 0.16729713017015924
-1.9166666666666667 0.769800358919501 0.21906356844706937 0.21907875234467547
-1.9166666666666667 0.9622504486493763 0.6455367914961352 0.6455284856097789
-1.9166666666666667 1.1547005383792515 0.6503745223064998 0.6503736676729401
-1.9166666666666667 1.3471506281091268 0.645519175335308 0.6455118750593494
-1.9166666666666667 1.539600717839002 0.2190164401747772 0.21903154240292966
-1.9166666666666667 1.7320508075688772 0.16729280285598208 0.16729713017015949
-1.9166666666666667 1.9245008972987525 0.2190635684470695 0.21907875234467544
-1.9166666666666667 2.116950987028628 0.6455367914961352 0.6455284856097793
-1.9166666666666667 2.309401076758503 0.6503745223065001 0.6503736676729401
-1.8333333333333333 -2.309401076758503 0.6458185806104062 0.6458424133296147
-1.8333333333333333 -2.116950987028628 0.6360004105894093 0.6359888347898313
-1.8333333333333333 -1.9245008972987525 0.1978541202294059 0.1978505681354621
-1.8333333333333333 -1.7320508075688772 0.15982332204376148 0.15982007435788473
-1.8333333333333333 -1.539600717839002 0.19798823443975896 0.19798659383516906
-1.8333333333333333 -1.3471506281091268 0.6360342612122625 0.6360302524270384
-1.8333333333333333 -1.1547005383792515 0.6458185806104062 0.6458424133296148
-1.8333333333333333 -0.9622504486493763 0.6360004105894093 0.6359888347898313
-1.8333333333333333 -0.769800358919501 0.19785412022940568 0.197850568135462
-1.8333333333333333 -0.5773502691896257 0.15982332204376162 0.15982007435788484
-1.8333333333333333 -0.3849001794597505 0.19798823443975905 0.19798659383516928
-1.8333333333333333 -0.19245008972987526 0.6360342612122625 0.6360302524270381
-1.8333333333333333 0.0 0.6458185806104064 0.6458424133296152
-1.8333333333333333 0.19245008972987526 0.6360004105894093 0.6359888347898313
-1.8333333333333333 0.3849001794597505 0.19785412022940568 0.19785056813546206
-1.8333333333333333 0.5773502691896257 0.15982332204376168 0.15982007435788478
-1.8333333333333333 0.769800358919501 0.19798823443975924 0.19798659383516912
-1.8333333333333333 0.9622504486493763 0.6360342612122625 0.6360302524270377
-1.8333333333333333 1.1547005383792515 0.6458185806104066 0.6458424133296149
-1.8333333333333333 1.3471506281091268 0.6360004105894093 0.6359888347898314
-1.8333333333333333 1.539600717839002 0.19785412022940552 0.19785056813546173
-1.8333333333333333 1.7320508075688772 0.1598233220437617 0.15982007435788478
-1.8333333333333333 1.9245008972987525 0.19798823443975946 0.19798659383516903
-1.8333333333333333 2.116950987028628 0.6360342612122623 0.6360302524270377
-1.8333333333333333 2.309401076758503 0.6458185806104066 0.6458424133296149
-1.75 -2.309401076758503 0.6349114408330034 0.6349633263519741
-1.75 -2.116950987028628 0.5840448139651431 0.5838595746060629
-1.75 -1.9245008972987525 0.17474278299165918 0.17473003402192983
-1.75 -1.7320508075688772 0.15072126139199699 0.1507084260813595
-1.75 -1.539600717839002 0.17485049451537463 0.17483847887979811
-1.75 -1.3471506281091268 0.5841752625528218 0.5840085953088741
-1.75 -1.1547005383792515 0.6349114408330034 0.6349633263519738
-1.75 -0.9622504486493763 0.5840448139651431 0.5838595746060631
-1.75 -0.769800358919501 0.1747427829916592 0.17473003402193005
-1.75 -0.5773502691896257 0.15072126139199718 0.15070842608135954
-1.75 -0.3849001794597505 0.17485049451537457 0.17483847887979825
-1.75 -0.19245008972987526 0.5841752625528216 0.5840085953088738
-1.75 0.0 0.6349114408330032 0.634963326351974
-1.75 0.19245008972987526 0.5840448139651429 0.5838595746060632
-1.75 0.3849001794597505 0.1747427829916594 0.1747300340219301
-1.75 0.5773502691896257 0.15072126139199699 0.15070842608135948
-1.75 0.769800358919501 0.17485049451537465 0.17483847887979828
-1.75 0.9622504486493763 0.584175262552822 0.5840085953088744
-1.75 1.1547005383792515 0.6349114408330034 0.6349633263519742
-1.75 1.3471506281091268 0.5840448139651435 0.5838595746060635
-1.75 1.539600717839002 0.1747427829916593 0.17473003402193013
-1.75 1.7320508075688772 0.15072126139199699 0.15070842608135956
-1.75 1.9245008972987525 0.1748504945153741 0.1748384788797981
-1.75 2.116950987028628 0.5841752625528214 0.5840085953088741
-1.75 2.309401076758503 0.6349114408330032 0.6349633263519742
-1.6666666666666667 -2.309401076758503 0.5282997880229168 0.5289735715041658
-1.6666666666666667 -2.116950987028628 0.32991048612916607 0.3294170360124997
-1.6666666666666667 -1.9245008972987525 0.15731800396041656 0.15732973444791615
-1.6666666666666667 -1.7320508075688772 0.14622043504791643 0.14619943032500002
-1.6666666666666667 -1.539600717839002 0.15725544322916676 0.15725476119166676
-1.6666666666666667 -1.3471506281091268 0.33014036698541643 0.3296153791437494
-1.6666666666666667 -1.1547005383792515 0.5282997880229168 0.5289735715041659
-1.6666666666666667 -0.9622504486493763 0.3299104861291665 0.3294170360125001
-1.6666666666666667 -0.769800358919501 0.15731800396041656 0.15732973444791634
-1.6666666666666667 -0.5773502691896257 0.1462204350479164 0.1461994303250001
-1.6666666666666667 -0.3849001794597505 0.15725544322916638 0.15725476119166662
-1.6666666666666667 -0.19245008972987526 0.33014036698541654 0.32961537914374966
-1.6666666666666667 0.0 0.528299788022917 0.5289735715041661
-1.6666666666666667 0.19245008972987526 0.3299104861291663 0.3294170360125003
-1.6666666666666667 0.3849001794597505 0.15731800396041642 0.1573297344479162
-1.6666666666666667 0.5773502691896257 0.1462204350479162 0.14619943032499988
-1.6666666666666667 0.769800358919501 0.15725544322916654 0.1572547611916665
-1.6666666666666667 0.9622504486493763 0.3301403669854167 0.3296153791437498
-1.6666666666666667 1.1547005383792515 0.528299788022917 0.5289735715041665
-1.6666666666666667 1.3471506281091268 0.3299104861291663 0.3294170360124998
-1.6666666666666667 1.539600717839002 0.15731800396041667 0.15732973444791645
-1.6666666666666667 1.7320508075688772 0.14622043504791638 0.14619943032500038
-1.6666666666666667 1.9245008972987525 0.15725544322916643 0.15725476119166626
-1.6666666666666667 2.116950987028628 0.3301403669854163 0.3296153791437493
-1.6666666666666667 2.309401076758503 0.5282997880229165 0.5289735715041665
-1.5833333333333333 -2.309401076758503 0.25867041989792233 0.2591940800251952
-1.5833333333333333 -2.116950987028628 0.17885569627410636 0.17879836939432892
-1.5833333333333333 -1.9245008972987525 0.15001992022979146 0.15001645440708702
-1.5833333333333333 -1.7320508075688772 0.14785793671459463 0.14787614344836947
-1.5833333333333333 -1.539600717839002 0.1498395940799816 0.1498356412096284
-1.5833333333333333 -1.3471506281091268 0.178914949687831 0.1788443687555559
-1.5833333333333333 -1.1547005383792515 0.25867041989792283 0.2591940800251955
-1.5833333333333333 -0.9622504486493763 0.1788556962741063 0.17879836939432892
-1.5833333333333333 -0.769800358919501 0.1500199202297916 0.15001645440708702
-1.5833333333333333 -0.5773502691896257 0.1478579367145949 0.14787614344836986
-1.5833333333333333 -0.3849001794597505 0.1498395940799816 0.14983564120962828
-1.5833333333333333 -0.19245008972987526 0.17891494968783112 0.17884436875555595
-1.5833333333333333 0.0 0.2586704198979226 0.2591940800251953
-1.5833333333333333 0.19245008972987526 0.1788556962741063 0.17879836939432894
-1.5833333333333333 0.3849001794597505 0.15001992022979155 0.15001645440708675
-1.5833333333333333 0.5773502691896257 0.14785793671459513 0.14787614344836977
-1.5833333333333333 0.769800358919501 0.14983959407998163 0.1498356412096285
-1.5833333333333333 0.9622504486493763 0.17891494968783103 0.17884436875555607
-1.5833333333333333 1.1547005383792515 0.2586704198979231 0.25919408002519534
-1.5833333333333333 1.3471506281091268 0.17885569627410658 0.17879836939432894
-1.5833333333333333 1.539600717839002 0.15001992022979144 0.15001645440708664
-1.5833333333333333 1.7320508075688772 0.14785793671459468 0.14787614344836963
-1.5833333333333333 1.9245008972987525 0.14983959407998138 0.1498356412096285
-1.5833333333333333 2.116950987028628 0.17891494968783125 0.17884436875555612
-1.5833333333333333 2.309401076758503 0.25867041989792267 0.25919408002519495
-1.5 -2.309401076758503 0.1656482496583332 0.16562909018749986
-1.5 -2.116950987028628 0.155019769953526 0.15498558058646367
-1.5 -1.9245008972987525 0.15501976995352595 0.1549855805864636
-1.5 -1.7320508075688772 0.16564824965833305 0.16562909018749983
-1.5 -1.539600717839002 0.15491466745064053 0.15488070960103653
-1.5 -1.3471506281091268 0.15491466745064061 0.15488070960103656
-1.5 -1.1547005383792515 0.16564824965833294 0.16562909018749977
-1.5 -0.9622504486493763 0.15501976995352587 0.15498558058646364
-1.5 -0.769800358919501 0.15501976995352587 0.1549855805864636
-1.5 -0.5773502691896257 0.16564824965833325 0.16562909018750002
-1.5 -0.3849001794597505 0.15491466745064025 0.1548807096010364
-1.5 -0.19245008972987526 0.1549146674506403 0.1548807096010364
-1.5 0.0 0.1656482496583333 0.16562909018750008
-1.5 0.19245008972987526 0.1550197699535258 0.15498558058646356
-1.5 0.3849001794597505 0.15501976995352584 0.15498558058646356
-1.5 0.5773502691896257 0.16564824965833325 0.16562909018750002
-1.5 0.769800358919501 0.15491466745064056 0.1548807096010365
-1.5 0.9622504486493763 0.1549146674506403 0.15488070960103634
-1.5 1.1547005383792515 0.165648249658333 0.16562909018749977
-1.5 1.3471506281091268 0.1550197699535259 0.15498558058646383
-1.5 1.539600717839002 0.15501976995352593 0.1549855805864635
-1.5 1.7320508075688772 0.16564824965833305 0.16562909018749977
-1.5 1.9245008972987525 0.15491466745064048 0.1548807096010365
-1.5 2.116950987028628 0.15491466745064042 0.15488070960103656
-1.5 2.309401076758503 0.1656482496583333 0.16562909018750002
-1.4166666666666667 -2.309401076758503 0.14785793671459513 0.14787614344837
-1.4166666666666667 -2.116950987028628 0.1500199202297916 0.15001645440708658
-1.4166666666666667 -1.9245008972987525 0.17885569627410675 0.1787983693943288
-1.4166666666666667 -1.7320508075688772 0.25867041989792333 0.2591940800251957
-1.4166666666666667 -1.539600717839002 0.17891494968783106 0.17884436875555607
-1.4166666666666667 -1.3471506281091268 0.14983959407998157 0.1498356412096285
-1.4166666666666667 -1.1547005383792515 0.14785793671459468 0.1478761434483696
-1.4166666666666667 -0.9622504486493763 0.15001992022979152 0.15001645440708675
-1.4166666666666667 -0.769800358919501 0.17885569627410652 0.17879836939432894
-1.4166666666666667 -0.5773502691896257 0.25867041989792294 0.2591940800251954
-1.4166666666666667 -0.3849001794597505 0.17891494968783092 0.17884436875555607
-1.4166666666666667 -0.19245008972987526 0.14983959407998165 0.1498356412096286
-1.4166666666666667 0.0 0.1478579367145948 0.14787614344836994
-1.4166666666666667 0.19245008972987526 0.1500199202297915 0.15001645440708702
-1.4166666666666667 0.3849001794597505 0.17885569627410622 0.17879836939432892
-1.4166666666666667 0.5773502691896257 0.25867041989792294 0.2591940800251955
-1.4166666666666667 0.769800358919501 0.1789149496878309 0.17884436875555604
-1.4166666666666667 0.9622504486493763 0.14983959407998165 0.1498356412096284
-1.4166666666666667 1.1547005383792515 0.14785793671459477 0.14787614344836955
-1.4166666666666667 1.3471506281091268 0.15001992022979144 0.15001645440708683
-1.4166666666666667 1.539600717839002 0.1788556962741062 0.17879836939432897
-1.4166666666666667 1.7320508075688772 0.2586704198979233 0.25919408002519595
-1.4166666666666667 1.9245008972987525 0.17891494968783095 0.17884436875555607
-1.4166666666666667 2.116950987028628 0.1498395940799817 0.14983564120962833
-1.4166666666666667 2.309401076758503 0.14785793671459516 0.14787614344836997
-1.3333333333333333 -2.309401076758503 0.14622043504791604 0.14619943032499985
-1.3333333333333333 -2.116950987028628 0.1573180039604167 0.15732973444791673
-1.3333333333333333 -1.9245008972987525 0.32991048612916646 0.32941703601250016
-1.3333333333333333 -1.7320508075688772 0.5282997880229172 0.5289735715041664
-1.3333333333333333 -1.539600717839002 0.3301403669854167 0.3296153791437501
-1.3333333333333333 -1.3471506281091268 0.15725544322916654 0.15725476119166648
-1.3333333333333333 -1.1547005383792515 0.14622043504791643 0.14619943032500018
-1.3333333333333333 -0.9622504486493763 0.15731800396041642 0.15732973444791634
-1.3333333333333333 -0.769800358919501 0.32991048612916674 0.32941703601250033
-1.3333333333333333 -0.5773502691896257 0.5282997880229174 0.5289735715041666
-1.3333333333333333 -0.3849001794597505 0.3301403669854168 0.32961537914374983
-1.3333333333333333 -0.19245008972987526 0.15725544322916646 0.15725476119166654
-1.3333333333333333 0.0 0.1462204350479162 0.14619943032499996
-1.3333333333333333 0.19245008972987526 0.15731800396041645 0.15732973444791634
-1.3333333333333333 0.3849001794597505 0.3299104861291669 0.32941703601250044
-1.3333333333333333 0.5773502691896257 0.5282997880229172 0.5289735715041666
-1.3333333333333333 0.769800358919501 0.33014036698541677 0.32961537914374983
-1.3333333333333333 0.9622504486493763 0.15725544322916643 0.15725476119166654
-1.3333333333333333 1.1547005383792515 0.1462204350479163 0.1461994303250001
-1.3333333333333333 1.3471506281091268 0.15731800396041662 0.15732973444791634
-1.3333333333333333 1.539600717839002 0.3299104861291667 0.3294170360125003
-1.3333333333333333 1.7320508075688772 0.5282997880229168 0.5289735715041659
-1.3333333333333333 1.9245008972987525 0.33014036698541654 0.3296153791437494
-1.3333333333333333 2.116950987028628 0.1572554432291669 0.1572547611916667
-1.3333333333333333 2.309401076758503 0.14622043504791604 0.14619943032499966
-1.25 -2.309401076758503 0.15072126139199699 0.15070842608135934
-1.25 -2.116950987028628 0.17474278299165927 0.17473003402193032
-1.25 -1.9245008972987525 0.5840448139651433 0.5838595746060635
-1.25 -1.7320508075688772 0.6349114408330034 0.6349633263519741
-1.25 -1.539600717839002 0.5841752625528218 0.5840085953088743
-1.25 -1.3471506281091268 0.17485049451537427 0.17483847887979795
-1.25 -1.1547005383792515 0.150721261391997 0.15070842608135937
-1.25 -0.9622504486493763 0.17474278299165902 0.17473003402193008
-1.25 -0.769800358919501 0.5840448139651431 0.5838595746060632
-1.25 -0.5773502691896257 0.6349114408330034 0.6349633263519742
-1.25 -0.3849001794597505 0.584175262552822 0.5840085953088743
-1.25 -0.19245008972987526 0.17485049451537424 0.174838478879798
-1.25 0.0 0.15072126139199687 0.15070842608135937
-1.25 0.19245008972987526 0.17474278299165905 0.17473003402192985
-1.25 0.3849001794597505 0.5840448139651431 0.583859574606063
-1.25 0.5773502691896257 0.6349114408330032 0.634963326351974
-1.25 0.769800358919501 0.5841752625528218 0.5840085953088742
-1.25 0.9622504486493763 0.17485049451537452 0.17483847887979795
-1.25 1.1547005383792515 0.1507212613919971 0.1507084260813595
-1.25 1.3471506281091268 0.17474278299165913 0.17473003402192974
-1.25 1.539600717839002 0.5840448139651433 0.583859574606063
-1.25 1.7320508075688772 0.6349114408330034 0.6349633263519741
-1.25 1.9245008972987525 0.5841752625528218 0.5840085953088736
-1.25 2.116950987028628 0.17485049451537452 0.174838478879798
-1.25 2.309401076758503 0.15072126139199718 0.15070842608135943
-1.1666666666666667 -2.309401076758503 0.1598233220437618 0.15982007435788498
-1.1666666666666667 -2.116950987028628 0.19785412022940568 0.1978505681354619
-1.1666666666666667 -1.9245008972987525 0.636000410589409 0.6359888347898314
-1.1666666666666667 -1.7320508075688772 0.6458185806104064 0.6458424133296153
-1.1666666666666667 -1.539600717839002 0.6360342612122625 0.6360302524270379
-1.1666666666666667 -1.3471506281091268 0.1979882344397592 0.19798659383516914
-1.1666666666666667 -1.1547005383792515 0.15982332204376157 0.15982007435788464
-1.1666666666666667 -0.9622504486493763 0.19785412022940574 0.197850568135462
-1.1666666666666667 -0.769800358919501 0.636000410589409 0.6359888347898314
-1.1666666666666667 -0.5773502691896257 0.6458185806104064 0.6458424133296151
-1.1666666666666667 -0.3849001794597505 0.6360342612122625 0.636030252427038
-1.1666666666666667 -0.19245008972987526 0.19798823443975924 0.19798659383516937
-1.1666666666666667 0.0 0.15982332204376168 0.15982007435788484
-1.1666666666666667 0.19245008972987526 0.19785412022940566 0.19785056813546206
-1.1666666666666667 0.3849001794597505 0.636000410589409 0.6359888347898311
-1.1666666666666667 0.5773502691896257 0.6458185806104062 0.6458424133296149
-1.1666666666666667 0.769800358919501 0.6360342612122623 0.6360302524270381
-1.1666666666666667 0.9622504486493763 0.1979882344397593 0.19798659383516926
-1.1666666666666667 1.1547005383792515 0.15982332204376157 0.15982007435788462
-1.1666666666666667 1.3471506281091268 0.1978541202294056 0.19785056813546192
-1.1666666666666667 1.539600717839002 0.6360004105894093 0.6359888347898314
-1.1666666666666667 1.7320508075688772 0.645818580610406 0.645842413329615
-1.1666666666666667 1.9245008972987525 0.6360342612122625 0.6360302524270383
-1.1666666666666667 2.116950987028628 0.19798823443975913 0.19798659383516917
-1.1666666666666667 2.309401076758503 0.1598233220437617 0.1598200743578849
-1.0833333333333333 -2.309401076758503 0.16729280285598178 0.16729713017015915
-1.0833333333333333 -2.116950987028628 0.21901644017477753 0.21903154240292996
-1.0833333333333333 -1.9245008972987525 0.645519175335308 0.6455118750593487
-1.0833333333333333 -1.7320508075688772 0.6503745223064998 0.6503736676729399
-1.0833333333333333 -1.539600717839002 0.6455367914961347 0.6455284856097784
-1.0833333333333333 -1.3471506281091268 0.219063568447069 0.21907875234467517
-1.0833333333333333 -1.1547005383792515 0.1672928028559822 0.1672971301701594
-1.0833333333333333 -0.9622504486493763 0.21901644017477767 0.21903154240292994
-1.0833333333333333 -0.769800358919501 0.6455191753353076 0.645511875059349
-1.0833333333333333 -0.5773502691896257 0.6503745223064998 0.6503736676729399
-1.0833333333333333 -0.3849001794597505 0.6455367914961347 0.6455284856097786
-1.0833333333333333 -0.19245008972987526 0.21906356844706962 0.21907875234467533
-1.0833333333333333 0.0 0.16729280285598225 0.16729713017015926
-1.0833333333333333 0.19245008972987526 0.21901644017477737 0.21903154240292996
-1.0833333333333333 0.3849001794597505 0.645519175335308 0.6455118750593495
-1.0833333333333333 0.5773502691896257 0.6503745223064998 0.65037366767294
-1.0833333333333333 0.769800358919501 0.6455367914961347 0.6455284856097787
-1.0833333333333333 0.9622504486493763 0.21906356844706976 0.2190787523446753
-1.0833333333333333 1.1547005383792515 0.1672928028559824 0.16729713017015937
-1.0833333333333333 1.3471506281091268 0.21901644017477703 0.21903154240292988
-1.0833333333333333 1.539600717839002 0.6455191753353082 0.6455118750593495
-1.0833333333333333 1.7320508075688772 0.6503745223064996 0.6503736676729399
-1.0833333333333333 1.9245008972987525 0.645536791496135 0.6455284856097787
-1.0833333333333333 2.116950987028628 0.21906356844706987 0.2190787523446754
-1.0833333333333333 2.309401076758503 0.16729280285598222 0.16729713017015926
-1.0 -2.309401076758503 0.1696996170166665 0.16966109399166648
-1.0 -2.116950987028628 0.23013888282291714 0.2302152111562501
-1.0 -1.9245008972987525 0.6468339527479172 0.646833436672917
-1.0 -1.7320508075688772 0.6533516852166668 0.6533546590999992
-1.0 -1.539600717839002 0.646833952747917 0.6468334366729178
-1.0 -1.3471506281091268 0.23013888282291695 0.2302152111562501
-1.0 -1.1547005383792515 0.1696996170166665 0.16966109399166648
-1.0 -0.9622504486493763 0.2301388828229171 0.2302152111562501
-1.0 -0.769800358919501 0.6468339527479174 0.6468334366729172
-1.0 -0.5773502691896257 0.6533516852166668 0.6533546590999992
-1.0 -0.3849001794597505 0.646833952747917 0.6468334366729178
-1.0 -0.19245008972987526 0.23013888282291703 0.23021521115625027
-1.0 0.0 0.1696996170166665 0.16966109399166648
-1.0 0.19245008972987526 0.2301388828229171 0.23021521115625027
-1.0 0.3849001794597505 0.6468339527479168 0.646833436672918
-1.0 0.5773502691896257 0.6533516852166668 0.6533546590999992
-1.0 0.769800358919501 0.6468339527479172 0.6468334366729174
-1.0 0.9622504486493763 0.2301388828229169 0.23021521115625018
-1.0 1.1547005383792515 0.1696996170166665 0.16966109399166648
-1.0 1.3471506281091268 0.23013888282291683 0.2302152111562501
-1.0 1.539600717839002 0.6468339527479168 0.6468334366729178
-1.0 1.7320508075688772 0.6533516852166668 0.6533546590999992
-1.0 1.9245008972987525 0.6468339527479172 0.6468334366729169
-1.0 2.116950987028628 0.2301388828229169 0.23021521115625015
-1.0 2.309401076758503 0.1696996170166665 0.16966109399166648
-0.9166666666666666 -2.309401076758503 0.16729280285598241 0.1672971301701595
-0.9166666666666666 -2.116950987028628 0.21906356844706945 0.2190787523446752
-0.9166666666666666 -1.9245008972987525 0.6455367914961347 0.645528485609779
-0.9166666666666666 -1.7320508075688772 0.6503745223064996 0.6503736676729402
-0.9166666666666666 -1.539600717839002 0.6455191753353082 0.6455118750593497
-0.9166666666666666 -1.3471506281091268 0.21901644017477717 0.2190315424029298
-0.9166666666666666 -1.1547005383792515 0.16729280285598241 0.16729713017015962
-0.9166666666666666 -0.9622504486493763 0.21906356844706923 0.219078752344675
-0.9166666666666666 -0.769800358919501 0.6455367914961345 0.6455284856097789
-0.9166666666666666 -0.5773502691896257 0.6503745223064994 0.6503736676729402
-0.9166666666666666 -0.3849001794597505 0.645519175335308 0.6455118750593496
-0.9166666666666666 -0.19245008972987526 0.21901644017477717 0.21903154240292994
-0.9166666666666666 0.0 0.16729280285598225 0.16729713017015962
-0.9166666666666666 0.19245008972987526 0.21906356844706934 0.21907875234467522
-0.9166666666666666 0.3849001794597505 0.6455367914961347 0.6455284856097787
-0.9166666666666666 0.5773502691896257 0.6503745223064996 0.6503736676729402
-0.9166666666666666 0.769800358919501 0.6455191753353078 0.6455118750593494
-0.9166666666666666 0.9622504486493763 0.2190164401747772 0.21903154240292982
-0.9166666666666666 1.1547005383792515 0.16729280285598233 0.16729713017015962
-0.9166666666666666 1.3471506281091268 0.219063568447069 0.2190787523446752
-0.9166666666666666 1.539600717839002 0.6455367914961347 0.645528485609779
-0.9166666666666666 1.7320508075688772 0.6503745223064998 0.6503736676729399
-0.9166666666666666 1.9245008972987525 0.6455191753353078 0.6455118750593493
-0.9166666666666666 2.116950987028628 0.21901644017477717 0.2190315424029298
-0.9166666666666666 2.309401076758503 0.1672928028559819 0.1672971301701594
-0.8333333333333334 -2.309401076758503 0.1598233220437616 0.15982007435788484
-0.8333333333333334 -2.116950987028628 0.19798823443975938 0.1979865938351693
-0.8333333333333334 -1.9245008972987525 0.6360342612122625 0.6360302524270383
-0.8333333333333334 -1.7320508075688772 0.645818580610406 0.6458424133296147
-0.8333333333333334 -1.539600717839002 0.6360004105894093 0.6359888347898313
-0.8333333333333334 -1.3471506281091268 0.1978541202294057 0.1978505681354619
-0.8333333333333334 -1.1547005383792515 0.15982332204376168 0.15982007435788495
-0.8333333333333334 -0.9622504486493763 0.1979882344397593 0.19798659383516937
-0.8333333333333334 -0.769800358919501 0.6360342612122623 0.6360302524270383
-0.8333333333333334 -0.5773502691896257 0.6458185806104062 0.6458424133296148
-0.8333333333333334 -0.3849001794597505 0.636000410589409 0.6359888347898311
-0.8333333333333334 -0.19245008972987526 0.1978541202294058 0.19785056813546206
-0.8333333333333334 0.0 0.15982332204376157 0.15982007435788484
-0.8333333333333334 0.19245008972987526 0.19798823443975924 0.19798659383516942
-0.8333333333333334 0.3849001794597505 0.6360342612122625 0.6360302524270381
-0.8333333333333334 0.5773502691896257 0.6458185806104062 0.645842413329615
-0.8333333333333334 0.769800358919501 0.636000410589409 0.6359888347898311
-0.8333333333333334 0.9622504486493763 0.19785412022940585 0.19785056813546212
-0.8333333333333334 1.1547005383792515 0.15982332204376165 0.15982007435788478
-0.8333333333333334 1.3471506281091268 0.19798823443975935 0.1979865938351691
-0.8333333333333334 1.539600717839002 0.6360342612122625 0.6360302524270379
-0.8333333333333334 1.7320508075688772 0.6458185806104064 0.645842413329615
-0.8333333333333334 1.9245008972987525 0.6360004105894088 0.6359888347898311
-0.8333333333333334 2.116950987028628 0.19785412022940582 0.1978505681354619
-0.8333333333333334 2.309401076758503 0.15982332204376173 0.15982007435788506
-0.75 -2.309401076758503 0.15072126139199704 0.15070842608135956
-0.75 -2.116950987028628 0.17485049451537457 0.17483847887979814
-0.75 -1.9245008972987525 0.584175262552822 0.5840085953088735
-0.75 -1.7320508075688772 0.6349114408330034 0.6349633263519741
-0.75 -1.539600717839002 0.5840448139651433 0.5838595746060632
-0.75 -1.3471506281091268 0.17474278299165905 0.17473003402192966
-0.75 -1.1547005383792515 0.1507212613919972 0.15070842608135954
-0.75 -0.9622504486493763 0.17485049451537457 0.17483847887979806
-0.75 -0.769800358919501 0.5841752625528218 0.5840085953088741
-0.75 -0.5773502691896257 0.6349114408330034 0.634963326351974
-0.75 -0.3849001794597505 0.5840448139651433 0.5838595746060631
-0.75 -0.19245008972987526 0.17474278299165913 0.1747300340219299
-0.75 0.0 0.15072126139199693 0.15070842608135934
-0.75 0.19245008972987526 0.17485049451537435 0.17483847887979811
-0.75 0.3849001794597505 0.5841752625528218 0.5840085953088742
-0.75 0.5773502691896257 0.6349114408330032 0.6349633263519741
-0.75 0.769800358919501 0.5840448139651431 0.5838595746060632
-0.75 0.9622504486493763 0.1747427829916591 0.1747300340219301
-0.75 1.1547005383792515 0.1507212613919969 0.15070842608135931
-0.75 1.3471506281091268 0.17485049451537424 0.174838478879798
-0.75 1.539600717839002 0.5841752625528225 0.5840085953088741
-0.75 1.7320508075688772 0.6349114408330034 0.6349633263519743
-0.75 1.9245008972987525 0.5840448139651429 0.5838595746060635
-0.75 2.116950987028628 0.1747427829916592 0.1747300340219302
-0.75 2.309401076758503 0.15072126139199687 0.15070842608135937
-0.6666666666666666 -2.309401076758503 0.14622043504791588 0.14619943032499935
-0.6666666666666666 -2.116950987028628 0.15725544322916654 0.15725476119166634
-0.6666666666666666 -1.9245008972987525 0.3301403669854159 0.32961537914374894
-0.6666666666666666 -1.7320508075688772 0.5282997880229163 0.5289735715041654
-0.6666666666666666 -1.539600717839002 0.3299104861291658 0.3294170360124996
-0.6666666666666666 -1.3471506281091268 0.15731800396041637 0.15732973444791598
-0.6666666666666666 -1.1547005383792515 0.14622043504791643 0.14619943032499993
-0.6666666666666666 -0.9622504486493763 0.15725544322916649 0.1572547611916663
-0.6666666666666666 -0.769800358919501 0.33014036698541616 0.3296153791437492
-0.6666666666666666 -0.5773502691896257 0.528299788022917 0.5289735715041658
-0.6666666666666666 -0.3849001794597505 0.3299104861291661 0.3294170360124995
-0.6666666666666666 -0.19245008972987526 0.15731800396041662 0.1573297344479162
-0.6666666666666666 0.0 0.14622043504791643 0.1461994303249999
-0.6666666666666666 0.19245008972987526 0.15725544322916643 0.15725476119166643
-0.6666666666666666 0.3849001794597505 0.3301403669854162 0.3296153791437494
-0.6666666666666666 0.5773502691896257 0.5282997880229168 0.5289735715041656
-0.6666666666666666 0.769800358919501 0.3299104861291659 0.3294170360124996
-0.6666666666666666 0.9622504486493763 0.15731800396041648 0.15732973444791612
-0.6666666666666666 1.1547005383792515 0.1462204350479164 0.146199430325
-0.6666666666666666 1.3471506281091268 0.15725544322916626 0.15725476119166615
-0.6666666666666666 1.539600717839002 0.33014036698541616 0.3296153791437491
-0.6666666666666666 1.7320508075688772 0.5282997880229163 0.5289735715041661
-0.6666666666666666 1.9245008972987525 0.3299104861291656 0.3294170360124991
-0.6666666666666666 2.116950987028628 0.15731800396041648 0.15732973444791626
-0.6666666666666666 2.309401076758503 0.14622043504791585 0.14619943032499963
-0.5833333333333334 -2.309401076758503 0.1478579367145949 0.14787614344836983
-0.5833333333333334 -2.116950987028628 0.14983959407998165 0.1498356412096285
-0.5833333333333334 -1.9245008972987525 0.1789149496878306 0.17884436875555607
-0.5833333333333334 -1.7320508075688772 0.25867041989792317 0.2591940800251958
-0.5833333333333334 -1.539600717839002 0.17885569627410638 0.17879836939432903
-0.5833333333333334 -1.3471506281091268 0.15001992022979152 0.1500164544070869
-0.5833333333333334 -1.1547005383792515 0.14785793671459488 0.14787614344836988
-0.5833333333333334 -0.9622504486493763 0.14983959407998165 0.1498356412096284
-0.5833333333333334 -0.769800358919501 0.17891494968783092 0.1788443687555559
-0.5833333333333334 -0.5773502691896257 0.258670419897923 0.2591940800251955
-0.5833333333333334 -0.3849001794597505 0.1788556962741062 0.17879836939432886
-0.5833333333333334 -0.19245008972987526 0.15001992022979163 0.15001645440708697
-0.5833333333333334 0.0 0.14785793671459485 0.14787614344836997
-0.5833333333333334 0.19245008972987526 0.14983959407998143 0.14983564120962856
-0.5833333333333334 0.3849001794597505 0.17891494968783078 0.178844368755556
-0.5833333333333334 0.5773502691896257 0.25867041989792317 0.25919408002519534
-0.5833333333333334 0.769800358919501 0.17885569627410638 0.17879836939432892
-0.5833333333333334 0.9622504486493763 0.1500199202297915 0.15001645440708686
-0.5833333333333334 1.1547005383792515 0.14785793671459496 0.14787614344836986
-0.5833333333333334 1.3471506281091268 0.14983959407998143 0.14983564120962858
-0.5833333333333334 1.539600717839002 0.17891494968783112 0.1788443687555562
-0.5833333333333334 1.7320508075688772 0.2586704198979235 0.2591940800251955
-0.5833333333333334 1.9245008972987525 0.1788556962741067 0.17879836939432883
-0.5833333333333334 2.116950987028628 0.15001992022979155 0.15001645440708675
-0.5833333333333334 2.309401076758503 0.14785793671459507 0.14787614344837002
-0.5 -2.309401076758503 0.16564824965833336 0.16562909018750013
-0.5 -2.116950987028628 0.1549146674506405 0.1548807096010365
-0.5 -1.9245008972987525 0.1549146674506406 0.15488070960103645
-0.5 -1.7320508075688772 0.16564824965833322 0.16562909018749994
-0.5 -1.539600717839002 0.1550197699535259 0.15498558058646356
-0.5 -1.3471506281091268 0.1550197699535259 0.15498558058646378
-0.5 -1.1547005383792515 0.1656482496583333 0.16562909018750008
-0.5 -0.9622504486493763 0.15491466745064034 0.15488070960103634
-0.5 -0.769800358919501 0.1549146674506406 0.15488070960103645
-0.5 -0.5773502691896257 0.16564824965833336 0.16562909018750013
-0.5 -0.3849001794597505 0.155019769953526 0.1549855805864636
-0.5 -0.19245008972987526 0.1550197699535258 0.1549855805864636
-0.5 0.0 0.1656482496583333 0.16562909018750008
-0.5 0.19245008972987526 0.15491466745064048 0.15488070960103645
-0.5 0.3849001794597505 0.1549146674506403 0.1548807096010363
-0.5 0.5773502691896257 0.16564824965833336 0.16562909018750013
-0.5 0.769800358919501 0.1550197699535258 0.1549855805864636
-0.5 0.9622504486493763 0.15501976995352584 0.1549855805864635
-0.5 1.1547005383792515 0.1656482496583333 0.16562909018750008
-0.5 1.3471506281091268 0.1549146674506407 0.1548807096010365
-0.5 1.539600717839002 0.15491466745064036 0.1548807096010365
-0.5 1.7320508075688772 0.16564824965833322 0.16562909018750005
-0.5 1.9245008972987525 0.15501976995352584 0.15498558058646372
-0.5 2.116950987028628 0.15501976995352595 0.15498558058646353
-0.5 2.309401076758503 0.1656482496583333 0.16562909018749997
-0.4166666666666667 -2.309401076758503 0.2586704198979233 0.2591940800251955
-0.4166666666666667 -2.116950987028628 0.17891494968783106 0.17884436875555623
-0.4166666666666667 -1.9245008972987525 0.14983959407998143 0.14983564120962847
-0.4166666666666667 -1.7320508075688772 0.14785793671459468 0.14787614344836963
-0.4166666666666667 -1.539600717839002 0.15001992022979146 0.1500164544070867
-0.4166666666666667 -1.3471506281091268 0.17885569627410666 0.17879836939432894
-0.4166666666666667 -1.1547005383792515 0.2586704198979232 0.25919408002519534
-0.4166666666666667 -0.9622504486493763 0.17891494968783092 0.17884436875555593
-0.4166666666666667 -0.769800358919501 0.1498395940799815 0.1498356412096285
-0.4166666666666667 -0.5773502691896257 0.1478579367145949 0.14787614344836972
-0.4166666666666667 -0.3849001794597505 0.1500199202297915 0.1500164544070868
-0.4166666666666667 -0.19245008972987526 0.17885569627410614 0.17879836939432892
-0.4166666666666667 0.0 0.25867041989792294 0.25919408002519534
-0.4166666666666667 0.19245008972987526 0.1789149496878307 0.1788443687555559
-0.4166666666666667 0.3849001794597505 0.1498395940799816 0.1498356412096284
-0.4166666666666667 0.5773502691896257 0.14785793671459496 0.14787614344836986
-0.4166666666666667 0.769800358919501 0.1500199202297916 0.1500164544070869
-0.4166666666666667 0.9622504486493763 0.1788556962741062 0.17879836939432903
-0.4166666666666667 1.1547005383792515 0.25867041989792305 0.2591940800251954
-0.4166666666666667 1.3471506281091268 0.17891494968783106 0.1788443687555561
-0.4166666666666667 1.539600717839002 0.14983959407998168 0.14983564120962833
-0.4166666666666667 1.7320508075688772 0.14785793671459463 0.1478761434483696
-0.4166666666666667 1.9245008972987525 0.15001992022979155 0.15001645440708683
-0.4166666666666667 2.116950987028628 0.17885569627410633 0.17879836939432903
-0.4166666666666667 2.309401076758503 0.2586704198979229 0.2591940800251956
-0.3333333333333333 -2.309401076758503 0.5282997880229168 0.5289735715041666
-0.3333333333333333 -2.116950987028628 0.3301403669854167 0.3296153791437495
-0.3333333333333333 -1.9245008972987525 0.15725544322916674 0.15725476119166654
-0.3333333333333333 -1.7320508075688772 0.14622043504791643 0.14619943032500027
-0.3333333333333333 -1.539600717839002 0.1573180039604166 0.15732973444791645
-0.3333333333333333 -1.3471506281091268 0.32991048612916646 0.3294170360124997
-0.3333333333333333 -1.1547005383792515 0.528299788022917 0.5289735715041662
-0.3333333333333333 -0.9622504486493763 0.3301403669854166 0.3296153791437498
-0.3333333333333333 -0.769800358919501 0.15725544322916649 0.15725476119166654
-0.3333333333333333 -0.5773502691896257 0.14622043504791635 0.14619943032499993
-0.3333333333333333 -0.3849001794597505 0.15731800396041645 0.15732973444791626
-0.3333333333333333 -0.19245008972987526 0.3299104861291664 0.3294170360125001
-0.3333333333333333 0.0 0.5282997880229172 0.5289735715041662
-0.3333333333333333 0.19245008972987526 0.3301403669854165 0.32961537914374955
-0.3333333333333333 0.3849001794597505 0.15725544322916643 0.1572547611916665
-0.3333333333333333 0.5773502691896257 0.14622043504791638 0.14619943032499993
-0.3333333333333333 0.769800358919501 0.15731800396041648 0.15732973444791626
-0.3333333333333333 0.9622504486493763 0.3299104861291665 0.3294170360125002
-0.3333333333333333 1.1547005383792515 0.5282997880229168 0.5289735715041658
-0.3333333333333333 1.3471506281091268 0.33014036698541643 0.32961537914374955
-0.3333333333333333 1.539600717839002 0.15725544322916682 0.15725476119166656
-0.3333333333333333 1.7320508075688772 0.14622043504791643 0.14619943032500016
-0.3333333333333333 1.9245008972987525 0.15731800396041665 0.15732973444791643
-0.3333333333333333 2.116950987028628 0.3299104861291661 0.3294170360124999
-0.3333333333333333 2.309401076758503 0.5282997880229172 0.5289735715041659
-0.25 -2.309401076758503 0.6349114408330034 0.6349633263519742
-0.25 -2.116950987028628 0.584175262552822 0.5840085953088741
-0.25 -1.9245008972987525 0.17485049451537427 0.17483847887979806
-0.25 -1.7320508075688772 0.150721261391997 0.15070842608135943
-0.25 -1.539600717839002 0.17474278299165905 0.1747300340219301
-0.25 -1.3471506281091268 0.5840448139651431 0.5838595746060635
-0.25 -1.1547005383792515 0.6349114408330037 0.6349633263519741
-0.25 -0.9622504486493763 0.5841752625528218 0.5840085953088743
-0.25 -0.769800358919501 0.1748504945153745 0.17483847887979817
-0.25 -0.5773502691896257 0.1507212613919967 0.15070842608135926
-0.25 -0.3849001794597505 0.17474278299165918 0.17473003402193002
-0.25 -0.19245008972987526 0.5840448139651431 0.5838595746060632
-0.25 0.0 0.6349114408330032 0.6349633263519741
-0.25 0.19245008972987526 0.584175262552822 0.5840085953088743
-0.25 0.3849001794597505 0.1748504945153742 0.17483847887979811
-0.25 0.5773502691896257 0.1507212613919971 0.15070842608135934
-0.25 0.769800358919501 0.1747427829916592 0.17473003402192994
-0.25 0.9622504486493763 0.5840448139651433 0.5838595746060632
-0.25 1.1547005383792515 0.6349114408330034 0.6349633263519738
-0.25 1.3471506281091268 0.584175262552822 0.5840085953088741
-0.25 1.539600717839002 0.17485049451537465 0.17483847887979825
-0.25 1.7320508075688772 0.15072126139199724 0.15070842608135945
-0.25 1.9245008972987525 0.17474278299165927 0.17473003402192983
-0.25 2.116950987028628 0.5840448139651433 0.5838595746060629
-0.25 2.309401076758503 0.6349114408330034 0.634963326351974
-0.16666666666666666 -2.309401076758503 0.6458185806104062 0.6458424133296146
-0.16666666666666666 -2.116950987028628 0.6360342612122623 0.6360302524270375
-0.16666666666666666 -1.9245008972987525 0.19798823443975946 0.19798659383516928
-0.16666666666666666 -1.7320508075688772 0.1598233220437616 0.15982007435788473
-0.16666666666666666 -1.539600717839002 0.19785412022940554 0.1978505681354618
-0.16666666666666666 -1.3471506281091268 0.636000410589409 0.6359888347898313
-0.16666666666666666 -1.1547005383792515 0.6458185806104064 0.645842413329615
-0.16666666666666666 -0.9622504486493763 0.6360342612122623 0.6360302524270378
-0.16666666666666666 -0.769800358919501 0.1979882344397592 0.19798659383516928
-0.16666666666666666 -0.5773502691896257 0.15982332204376173 0.1598200743578849
-0.16666666666666666 -0.3849001794597505 0.19785412022940574 0.19785056813546195
-0.16666666666666666 -0.19245008972987526 0.636000410589409 0.6359888347898311
-0.16666666666666666 0.0 0.6458185806104062 0.6458424133296149
-0.16666666666666666 0.19245008972987526 0.6360342612122623 0.6360302524270381
-0.16666666666666666 0.3849001794597505 0.19798823443975935 0.1979865938351693
-0.16666666666666666 0.5773502691896257 0.15982332204376168 0.1598200743578848
-0.16666666666666666 0.769800358919501 0.19785412022940574 0.19785056813546206
-0.16666666666666666 0.9622504486493763 0.636000410589409 0.6359888347898313
-0.16666666666666666 1.1547005383792515 0.6458185806104062 0.645842413329615
-0.16666666666666666 1.3471506281091268 0.6360342612122623 0.6360302524270379
-0.16666666666666666 1.539600717839002 0.19798823443975913 0.19798659383516906
-0.16666666666666666 1.7320508075688772 0.15982332204376157 0.15982007435788478
-0.16666666666666666 1.9245008972987525 0.19785412022940596 0.19785056813546217
-0.16666666666666666 2.116950987028628 0.6360004105894095 0.6359888347898313
-0.16666666666666666 2.309401076758503 0.6458185806104058 0.6458424133296146
-0.08333333333333333 -2.309401076758503 0.6503745223065003 0.65037366767294
-0.08333333333333333 -2.116950987028628 0.645536791496135 0.6455284856097789
-0.08333333333333333 -1.9245008972987525 0.2190635684470693 0.21907875234467547
-0.08333333333333333 -1.7320508075688772 0.16729280285598216 0.16729713017015943
-0.08333333333333333 -1.539600717839002 0.2190164401747773 0.2190315424029297
-0.08333333333333333 -1.3471506281091268 0.6455191753353082 0.6455118750593496
-0.08333333333333333 -1.1547005383792515 0.6503745223064998 0.6503736676729401
-0.08333333333333333 -0.9622504486493763 0.6455367914961354 0.6455284856097789
-0.08333333333333333 -0.769800358919501 0.219063568447069 0.2190787523446752
-0.08333333333333333 -0.5773502691896257 0.16729280285598216 0.16729713017015932
-0.08333333333333333 -0.3849001794597505 0.2190164401747772 0.21903154240292982
-0.08333333333333333 -0.19245008972987526 0.6455191753353082 0.6455118750593494
-0.08333333333333333 0.0 0.6503745223064998 0.6503736676729401
-0.08333333333333333 0.19245008972987526 0.6455367914961347 0.6455284856097787
-0.08333333333333333 0.3849001794597505 0.21906356844706923 0.21907875234467522
-0.08333333333333333 0.5773502691896257 0.16729280285598214 0.1672971301701593
-0.08333333333333333 0.769800358919501 0.2190164401747771 0.21903154240292974
-0.08333333333333333 0.9622504486493763 0.6455191753353084 0.6455118750593498
-0.08333333333333333 1.1547005383792515 0.6503745223064998 0.6503736676729401
-0.08333333333333333 1.3471506281091268 0.6455367914961354 0.6455284856097792
-0.08333333333333333 1.539600717839002 0.21906356844706942 0.21907875234467508
-0.08333333333333333 1.7320508075688772 0.16729280285598247 0.1672971301701594
-0.08333333333333333 1.9245008972987525 0.219016440174777 0.21903154240292988
-0.08333333333333333 2.116950987028628 0.6455191753353084 0.6455118750593497
-0.08333333333333333 2.309401076758503 0.6503745223064998 0.6503736676729402
0.0 -2.309401076758503 0.6533516852166668 0.6533546590999992
0.0 -2.116950987028628 0.6468339527479166 0.6468334366729178
0.0 -1.9245008972987525 0.23013888282291697 0.2302152111562502
0.0 -1.7320508075688772 0.1696996170166665 0.16966109399166648
0.0 -1.539600717839002 0.23013888282291703 0.23021521115625004
0.0 -1.3471506281091268 0.6468339527479174 0.6468334366729175
0.0 -1.1547005383792515 0.6533516852166668 0.6533546590999992
0.0 -0.9622504486493763 0.646833952747917 0.646833436672918
0.0 -0.769800358919501 0.2301388828229171 0.23021521115625038
0.0 -0.5773502691896257 0.1696996170166665 0.16966109399166648
0.0 -0.3849001794597505 0.23013888282291686 0.23021521115625054
0.0 -0.19245008972987526 0.6468339527479174 0.6468334366729176
0.0 0.0 0.6533516852166668 0.6533546590999992
0.0 0.19245008972987526 0.6468339527479174 0.6468334366729176
0.0 0.3849001794597505 0.23013888282291686 0.23021521115625054
0.0 0.5773502691896257 0.1696996170166665 0.16966109399166648
0.0 0.769800358919501 0.2301388828229171 0.23021521115625038
0.0 0.9622504486493763 0.646833952747917 0.646833436672918
0.0 1.1547005383792515 0.6533516852166668 0.6533546590999992
0.0 1.3471506281091268 0.6468339527479174 0.6468334366729175
0.0 1.539600717839002 0.23013888282291703 0.23021521115625004
0.0 1.7320508075688772 0.1696996170166665 0.16966109399166648
0.0 1.9245008972987525 0.23013888282291697 0.2302152111562502
0.0 2.116950987028628 0.6468339527479166 0.6468334366729178
0.0 2.309401076758503 0.6533516852166668 0.6533546590999992
0.08333333333333333 -2.309401076758503 0.6503745223064998 0.6503736676729402
0.08333333333333333 -2.116950987028628 0.6455191753353084 0.6455118750593497
0.08333333333333333 -1.9245008972987525 0.219016440174777 0.21903154240292988
0.08333333333333333 -1.7320508075688772 0.16729280285598247 0.1672971301701594
0.08333333333333333 -1.539600717839002 0.21906356844706942 0.21907875234467508
0.08333333333333333 -1.3471506281091268 0.6455367914961354 0.6455284856097792
0.08333333333333333 -1.1547005383792515 0.6503745223064998 0.6503736676729401
0.08333333333333333 -0.9622504486493763 0.6455191753353084 0.6455118750593498
0.08333333333333333 -0.769800358919501 0.2190164401747771 0.21903154240292974
0.08333333333333333 -0.5773502691896257 0.16729280285598214 0.1672971301701593
0.08333333333333333 -0.3849001794597505 0.21906356844706923 0.21907875234467522
0.08333333333333333 -0.19245008972987526 0.6455367914961347 0.6455284856097787
0.08333333333333333 0.0 0.6503745223064998 0.6503736676729401
0.08333333333333333 0.19245008972987526 0.6455191753353082 0.6455118750593494
0.08333333333333333 0.3849001794597505 0.2190164401747772 0.21903154240292982
0.08333333333333333 0.5773502691896257 0.16729280285598216 0.16729713017015932
0.08333333333333333 0.769800358919501 0.219063568447069 0.2190787523446752
0.08333333333333333 0.9622504486493763 0.6455367914961354 0.6455284856097789
0.08333333333333333 1.1547005383792515 0.6503745223064998 0.6503736676729401
0.08333333333333333 1.3471506281091268 0.6455191753353082 0.6455118750593496
0.08333333333333333 1.539600717839002 0.2190164401747773 0.2190315424029297
0.08333333333333333 1.7320508075688772 0.16729280285598216 0.16729713017015943
0.08333333333333333 1.9245008972987525 0.2190635684470693 0.21907875234467547
0.08333333333333333 2.116950987028628 0.645536791496135 0.6455284856097789
0.08333333333333333 2.309401076758503 0.6503745223065003 0.65037366767294
0.16666666666666666 -2.309401076758503 0.6458185806104058 0.6458424133296146
0.16666666666666666 -2.116950987028628 0.6360004105894095 0.6359888347898313
0.16666666666666666 -1.9245008972987525 0.19785412022940596 0.19785056813546217
0.16666666666666666 -1.7320508075688772 0.15982332204376157 0.15982007435788478
0.16666666666666666 -1.539600717839002 0.19798823443975913 0.19798659383516906
0.16666666666666666 -1.3471506281091268 0.6360342612122623 0.6360302524270379
0.16666666666666666 -1.1547005383792515 0.6458185806104062 0.645842413329615
0.16666666666666666 -0.9622504486493763 0.636000410589409 0.6359888347898313
0.16666666666666666 -0.769800358919501 0.19785412022940574 0.19785056813546206
0.16666666666666666 -0.5773502691896257 0.15982332204376168 0.1598200743578848
0.16666666666666666 -0.3849001794597505 0.19798823443975935 0.1979865938351693
0.16666666666666666 -0.19245008972987526 0.6360342612122623 0.6360302524270381
0.16666666666666666 0.0 0.6458185806104062 0.6458424133296149
0.16666666666666666 0.19245008972987526 0.636000410589409 0.6359888347898311
0.16666666666666666 0.3849001794597505 0.19785412022940574 0.19785056813546195
0.16666666666666666 0.5773502691896257 0.15982332204376173 0.1598200743578849
0.16666666666666666 0.769800358919501 0.1979882344397592 0.19798659383516928
0.16666666666666666 0.9622504486493763 0.6360342612122623 0.6360302524270378
0.16666666666666666 1.1547005383792515 0.6458185806104064 0.645842413329615
0.16666666666666666 1.3471506281091268 0.636000410589409 0.6359888347898313
0.16666666666666666 1.539600717839002 0.19785412022940554 0.1978505681354618
0.16666666666666666 1.7320508075688772 0.1598233220437616 0.15982007435788473
0.16666666666666666 1.9245008972987525 0.19798823443975946 0.19798659383516928
0.16666666666666666 2.116950987028628 0.6360342612122623 0.6360302524270375
0.16666666666666666 2.309401076758503 0.6458185806104062 0.6458424133296146
0.25 -2.309401076758503 0.6349114408330034 0.634963326351974
0.25 -2.116950987028628 0.5840448139651433 0.5838595746060629
0.25 -1.9245008972987525 0.17474278299165927 0.17473003402192983
0.25 -1.7320508075688772 0.15072126139199724 0.15070842608135945
0.25 -1.539600717839002 0.17485049451537465 0.17483847887979825
0.25 -1.3471506281091268 0.584175262552822 0.5840085953088741
0.25 -1.1547005383792515 0.6349114408330034 0.6349633263519738
0.25 -0.9622504486493763 0.5840448139651433 0.5838595746060632
0.25 -0.769800358919501 0.1747427829916592 0.17473003402192994
0.25 -0.5773502691896257 0.1507212613919971 0.15070842608135934
0.25 -0.3849001794597505 0.1748504945153742 0.17483847887979811
0.25 -0.19245008972987526 0.584175262552822 0.5840085953088743
0.25 0.0 0.6349114408330032 0.6349633263519741
0.25 0.19245008972987526 0.5840448139651431 0.5838595746060632
0.25 0.3849001794597505 0.17474278299165918 0.17473003402193002
0.25 0.5773502691896257 0.1507212613919967 0.15070842608135926
0.25 0.769800358919501 0.1748504945153745 0.17483847887979817
0.25 0.9622504486493763 0.5841752625528218 0.5840085953088743
0.25 1.1547005383792515 0.6349114408330037 0.6349633263519741
0.25 1.3471506281091268 0.5840448139651431 0.5838595746060635
0.25 1.539600717839002 0.17474278299165905 0.1747300340219301
0.25 1.7320508075688772 0.150721261391997 0.15070842608135943
0.25 1.9245008972987525 0.17485049451537427 0.17483847887979806
0.25 2.116950987028628 0.584175262552822 0.5840085953088741
0.25 2.309401076758503 0.6349114408330034 0.6349633263519742
0.3333333333333333 -2.309401076758503 0.5282997880229172 0.5289735715041659
0.3333333333333333 -2.116950987028628 0.3299104861291661 0.3294170360124999
0.3333333333333333 -1.9245008972987525 0.15731800396041665 0.15732973444791643
0.3333333333333333 -1.7320508075688772 0.14622043504791643 0.14619943032500016
0.3333333333333333 -1.539600717839002 0.15725544322916682 0.15725476119166656
0.3333333333333333 -1.3471506281091268 0.33014036698541643 0.32961537914374955
0.3333333333333333 -1.1547005383792515 0.5282997880229168 0.5289735715041658
0.3333333333333333 -0.9622504486493763 0.3299104861291665 0.3294170360125002
0.3333333333333333 -0.769800358919501 0.15731800396041648 0.15732973444791626
0.3333333333333333 -0.5773502691896257 0.14622043504791638 0.14619943032499993
0.3333333333333333 -0.3849001794597505 0.15725544322916643 0.1572547611916665
0.3333333333333333 -0.19245008972987526 0.3301403669854165 0.32961537914374955
0.3333333333333333 0.0 0.5282997880229172 0.5289735715041662
0.3333333333333333 0.19245008972987526 0.3299104861291664 0.3294170360125001
0.3333333333333333 0.3849001794597505 0.15731800396041645 0.15732973444791626
0.3333333333333333 0.5773502691896257 0.14622043504791635 0.14619943032499993
0.3333333333333333 0.769800358919501 0.15725544322916649 0.15725476119166654
0.3333333333333333 0.9622504486493763 0.3301403669854166 0.3296153791437498
0.3333333333333333 1.1547005383792515 0.528299788022917 0.5289735715041662
0.3333333333333333 1.3471506281091268 0.32991048612916646 0.3294170360124997
0.3333333333333333 1.539600717839002 0.1573180039604166 0.15732973444791645
0.3333333333333333 1.7320508075688772 0.14622043504791643 0.14619943032500027
0.3333333333333333 1.9245008972987525 0.15725544322916674 0.15725476119166654
0.3333333333333333 2.116950987028628 0.3301403669854167 0.3296153791437495
0.3333333333333333 2.309401076758503 0.5282997880229168 0.5289735715041666
0.4166666666666667 -2.309401076758503 0.2586704198979229 0.2591940800251956
0.4166666666666667 -2.116950987028628 0.17885569627410633 0.17879836939432903
0.4166666666666667 -1.9245008972987525 0.15001992022979155 0.15001645440708683
0.4166666666666667 -1.7320508075688772 0.14785793671459463 0.1478761434483696
0.4166666666666667 -1.539600717839002 0.14983959407998168 0.14983564120962833
0.4166666666666667 -1.3471506281091268 0.17891494968783106 0.1788443687555561
0.4166666666666667 -1.1547005383792515 0.25867041989792305 0.2591940800251954
0.4166666666666667 -0.9622504486493763 0.1788556962741062 0.17879836939432903
0.4166666666666667 -0.769800358919501 0.1500199202297916 0.1500164544070869
0.4166666666666667 -0.5773502691896257 0.14785793671459496 0.14787614344836986
0.4166666666666667 -0.3849001794597505 0.1498395940799816 0.1498356412096284
0.4166666666666667 -0.19245008972987526 0.1789149496878307 0.1788443687555559
0.4166666666666667 0.0 0.25867041989792294 0.25919408002519534
0.4166666666666667 0.19245008972987526 0.17885569627410614 0.17879836939432892
0.4166666666666667 0.3849001794597505 0.1500199202297915 0.1500164544070868
0.4166666666666667 0.5773502691896257 0.1478579367145949 0.14787614344836972
0.4166666666666667 0.769800358919501 0.1498395940799815 0.1498356412096285
0.4166666666666667 0.9622504486493763 0.17891494968783092 0.17884436875555593
0.4166666666666667 1.1547005383792515 0.2586704198979232 0.25919408002519534
0.4166666666666667 1.3471506281091268 0.17885569627410666 0.17879836939432894
0.4166666666666667 1.539600717839002 0.15001992022979146 0.1500164544070867
0.4166666666666667 1.7320508075688772 0.14785793671459468 0.14787614344836963
0.4166666666666667 1.9245008972987525 0.14983959407998143 0.14983564120962847
0.4166666666666667 2.116950987028628 0.17891494968783106 0.17884436875555623
0.4166666666666667 2.309401076758503 0.2586704198979233 0.2591940800251955
0.5 -2.309401076758503 0.1656482496583333 0.16562909018749997
0.5 -2.116950987028628 0.15501976995352595 0.15498558058646353
0.5 -1.9245008972987525 0.15501976995352584 0.15498558058646372
0.5 -1.7320508075688772 0.16564824965833322 0.16562909018750005
0.5 -1.539600717839002 0.15491466745064036 0.1548807096010365
0.5 -1.3471506281091268 0.1549146674506407 0.1548807096010365
0.5 -1.1547005383792515 0.1656482496583333 0.16562909018750008
0.5 -0.9622504486493763 0.15501976995352584 0.1549855805864635
0.5 -0.769800358919501 0.1550197699535258 0.1549855805864636
0.5 -0.5773502691896257 0.16564824965833336 0.16562909018750013
0.5 -0.3849001794597505 0.1549146674506403 0.1548807096010363
0.5 -0.19245008972987526 0.15491466745064048 0.15488070960103645
0.5 0.0 0.1656482496583333 0.16562909018750008
0.5 0.19245008972987526 0.1550197699535258 0.1549855805864636
0.5 0.3849001794597505 0.155019769953526 0.1549855805864636
0.5 0.5773502691896257 0.16564824965833336 0.16562909018750013
0.5 0.769800358919501 0.1549146674506406 0.15488070960103645
0.5 0.9622504486493763 0.15491466745064034 0.15488070960103634
0.5 1.1547005383792515 0.1656482496583333 0.16562909018750008
0.5 1.3471506281091268 0.1550197699535259 0.15498558058646378
0.5 1.539600717839002 0.1550197699535259 0.15498558058646356
0.5 1.7320508075688772 0.16564824965833322 0.16562909018749994
0.5 1.9245008972987525 0.1549146674506406 0.15488070960103645
0.5 2.116950987028628 0.1549146674506405 0.1548807096010365
0.5 2.309401076758503 0.16564824965833336 0.16562909018750013
0.5833333333333334 -2.309401076758503 0.14785793671459507 0.14787614344837002
0.5833333333333334 -2.116950987028628 0.15001992022979155 0.15001645440708675
0.5833333333333334 -1.9245008972987525 0.1788556962741067 0.17879836939432883
0.5833333333333334 -1.7320508075688772 0.2586704198979235 0.2591940800251955
0.5833333333333334 -1.539600717839002 0.17891494968783112 0.1788443687555562
0.5833333333333334 -1.3471506281091268 0.14983959407998143 0.14983564120962858
0.5833333333333334 -1.1547005383792515 0.14785793671459496 0.14787614344836986
0.5833333333333334 -0.9622504486493763 0.1500199202297915 0.15001645440708686
0.5833333333333334 -0.769800358919501 0.17885569627410638 0.17879836939432892
0.5833333333333334 -0.5773502691896257 0.25867041989792317 0.25919408002519534
0.5833333333333334 -0.3849001794597505 0.17891494968783078 0.178844368755556
0.5833333333333334 -0.19245008972987526 0.14983959407998143 0.14983564120962856
0.5833333333333334 0.0 0.14785793671459485 0.14787614344836997
0.5833333333333334 0.19245008972987526 0.15001992022979163 0.15001645440708697
0.5833333333333334 0.3849001794597505 0.1788556962741062 0.17879836939432886
0.5833333333333334 0.5773502691896257 0.258670419897923 0.2591940800251955
0.5833333333333334 0.769800358919501 0.17891494968783092 0.1788443687555559
0.5833333333333334 0.9622504486493763 0.14983959407998165 0.1498356412096284
0.5833333333333334 1.1547005383792515 0.14785793671459488 0.14787614344836988
0.5833333333333334 1.3471506281091268 0.15001992022979152 0.1500164544070869
0.5833333333333334 1.539600717839002 0.17885569627410638 0.17879836939432903
0.5833333333333334 1.7320508075688772 0.25867041989792317 0.2591940800251958
0.5833333333333334 1.9245008972987525 0.1789149496878306 0.17884436875555607
0.5833333333333334 2.116950987028628 0.14983959407998165 0.1498356412096285
0.5833333333333334 2.309401076758503 0.1478579367145949 0.14787614344836983
0.6666666666666666 -2.309401076758503 0.14622043504791585 0.14619943032499963
0.6666666666666666 -2.116950987028628 0.15731800396041648 0.15732973444791626
0.6666666666666666 -1.9245008972987525 0.3299104861291656 0.3294170360124991
0.6666666666666666 -1.7320508075688772 0.5282997880229163 0.5289735715041661
0.6666666666666666 -1.539600717839002 0.33014036698541616 0.3296153791437491
0.6666666666666666 -1.3471506281091268 0.15725544322916626 0.15725476119166615
0.6666666666666666 -1.1547005383792515 0.1462204350479164 0.146199430325
0.6666666666666666 -0.9622504486493763 0.15731800396041648 0.15732973444791612
0.6666666666666666 -0.769800358919501 0.3299104861291659 0.3294170360124996
0.6666666666666666 -0.5773502691896257 0.5282997880229168 0.5289735715041656
0.6666666666666666 -0.3849001794597505 0.3301403669854162 0.3296153791437494
0.6666666666666666 -0.19245008972987526 0.15725544322916643 0.15725476119166643
0.6666666666666666 0.0 0.14622043504791643 0.1461994303249999
0.6666666666666666 0.19245008972987526 0.15731800396041662 0.1573297344479162
0.6666666666666666 0.3849001794597505 0.3299104861291661 0.3294170360124995
0.6666666666666666 0.5773502691896257 0.528299788022917 0.5289735715041658
0.6666666666666666 0.769800358919501 0.33014036698541616 0.3296153791437492
0.6666666666666666 0.9622504486493763 0.15725544322916649 0.1572547611916663
0.6666666666666666 1.1547005383792515 0.14622043504791643 0.14619943032499993
0.6666666666666666 1.3471506281091268 0.15731800396041637 0.15732973444791598
0.6666666666666666 1.539600717839002 0.3299104861291658 0.3294170360124996
0.6666666666666666 1.7320508075688772 0.5282997880229163 0.5289735715041654
0.6666666666666666 1.9245008972987525 0.3301403669854159 0.32961537914374894
0.6666666666666666 2.116950987028628 0.15725544322916654 0.15725476119166634
0.6666666666666666 2.309401076758503 0.14622043504791588 0.14619943032499935
0.75 -2.309401076758503 0.15072126139199687 0.15070842608135937
0.75 -2.116950987028628 0.1747427829916592 0.1747300340219302
0.75 -1.9245008972987525 0.5840448139651429 0.5838595746060635
0.75 -1.7320508075688772 0.6349114408330034 0.6349633263519743
0.75 -1.539600717839002 0.5841752625528225 0.5840085953088741
0.75 -1.3471506281091268 0.17485049451537424 0.174838478879798
0.75 -1.1547005383792515 0.1507212613919969 0.15070842608135931
0.75 -0.9622504486493763 0.1747427829916591 0.1747300340219301
0.75 -0.769800358919501 0.5840448139651431 0.5838595746060632
0.75 -0.5773502691896257 0.6349114408330032 0.6349633263519741
0.75 -0.3849001794597505 0.5841752625528218 0.5840085953088742
0.75 -0.19245008972987526 0.17485049451537435 0.17483847887979811
0.75 0.0 0.15072126139199693 0.15070842608135934
0.75 0.19245008972987526 0.17474278299165913 0.1747300340219299
0.75 0.3849001794597505 0.5840448139651433 0.5838595746060631
0.75 0.5773502691896257 0.6349114408330034 0.634963326351974
0.75 0.769800358919501 0.5841752625528218 0.5840085953088741
0.75 0.9622504486493763 0.17485049451537457 0.17483847887979806
0.75 1.1547005383792515 0.1507212613919972 0.15070842608135954
0.75 1.3471506281091268 0.17474278299165905 0.17473003402192966
0.75 1.539600717839002 0.5840448139651433 0.5838595746060632
0.75 1.7320508075688772 0.6349114408330034 0.6349633263519741
0.75 1.9245008972987525 0.584175262552822 0.5840085953088735
0.75 2.116950987028628 0.17485049451537457 0.17483847887979814
0.75 2.309401076758503 0.15072126139199704 0.15070842608135956
0.8333333333333334 -2.309401076758503 0.15982332204376173 0.15982007435788506
0.8333333333333334 -2.116950987028628 0.19785412022940582 0.1978505681354619
0.8333333333333334 -1.9245008972987525 0.6360004105894088 0.6359888347898311
0.8333333333333334 -1.7320508075688772 0.6458185806104064 0.645842413329615
0.8333333333333334 -1.539600717839002 0.6360342612122625 0.6360302524270379
0.8333333333333334 -1.3471506281091268 0.19798823443975935 0.1979865938351691
0.8333333333333334 -1.1547005383792515 0.15982332204376165 0.15982007435788478
0.8333333333333334 -0.9622504486493763 0.19785412022940585 0.19785056813546212
0.8333333333333334 -0.769800358919501 0.636000410589409 0.6359888347898311
0.8333333333333334 -0.5773502691896257 0.6458185806104062 0.645842413329615
0.8333333333333334 -0.3849001794597505 0.6360342612122625 0.6360302524270381
0.8333333333333334 -0.19245008972987526 0.19798823443975924 0.19798659383516942
0.8333333333333334 0.0 0.15982332204376157 0.15982007435788484
0.8333333333333334 0.19245008972987526 0.1978541202294058 0.19785056813546206
0.8333333333333334 0.3849001794597505 0.636000410589409 0.6359888347898311
0.8333333333333334 0.5773502691896257 0.6458185806104062 0.6458424133296148
0.8333333333333334 0.769800358919501 0.6360342612122623 0.6360302524270383
0.8333333333333334 0.9622504486493763 0.1979882344397593 0.19798659383516937
0.8333333333333334 1.1547005383792515 0.15982332204376168 0.15982007435788495
0.8333333333333334 1.3471506281091268 0.1978541202294057 0.1978505681354619
0.8333333333333334 1.539600717839002 0.6360004105894093 0.6359888347898313
0.8333333333333334 1.7320508075688772 0.645818580610406 0.6458424133296147
0.8333333333333334 1.9245008972987525 0.6360342612122625 0.6360302524270383
0.8333333333333334 2.116950987028628 0.19798823443975938 0.1979865938351693
0.8333333333333334 2.309401076758503 0.1598233220437616 0.15982007435788484
0.9166666666666666 -2.309401076758503 0.1672928028559819 0.1672971301701594
0.9166666666666666 -2.116950987028628 0.21901644017477717 0.2190315424029298
0.9166666666666666 -1.9245008972987525 0.6455191753353078 0.6455118750593493
0.9166666666666666 -1.7320508075688772 0.6503745223064998 0.6503736676729399
0.9166666666666666 -1.539600717839002 0.6455367914961347 0.645528485609779
0.9166666666666666 -1.3471506281091268 0.219063568447069 0.2190787523446752
0.9166666666666666 -1.1547005383792515 0.16729280285598233 0.16729713017015962
0.9166666666666666 -0.9622504486493763 0.2190164401747772 0.21903154240292982
0.9166666666666666 -0.769800358919501 0.6455191753353078 0.6455118750593494
0.9166666666666666 -0.5773502691896257 0.6503745223064996 0.6503736676729402
0.9166666666666666 -0.3849001794597505 0.6455367914961347 0.6455284856097787
0.9166666666666666 -0.19245008972987526 0.21906356844706934 0.21907875234467522
0.9166666666666666 0.0 0.16729280285598225 0.16729713017015962
0.9166666666666666 0.19245008972987526 0.21901644017477717 0.21903154240292994
0.9166666666666666 0.3849001794597505 0.645519175335308 0.6455118750593496
0.9166666666666666 0.5773502691896257 0.6503745223064994 0.6503736676729402
0.9166666666666666 0.769800358919501 0.6455367914961345 0.6455284856097789
0.9166666666666666 0.9622504486493763 0.21906356844706923 0.219078752344675
0.9166666666666666 1.1547005383792515 0.16729280285598241 0.16729713017015962
0.9166666666666666 1.3471506281091268 0.21901644017477717 0.2190315424029298
0.9166666666666666 1.539600717839002 0.6455191753353082 0.6455118750593497
0.9166666666666666 1.7320508075688772 0.6503745223064996 0.6503736676729402
0.9166666666666666 1.9245008972987525 0.6455367914961347 0.645528485609779
0.9166666666666666 2.116950987028628 0.21906356844706945 0.2190787523446752
0.9166666666666666 2.309401076758503 0.16729280285598241 0.1672971301701595
1.0 -2.309401076758503 0.1696996170166665 0.16966109399166648
1.0 -2.116950987028628 0.2301388828229169 0.23021521115625015
1.0 -1.9245008972987525 0.6468339527479172 0.6468334366729169
1.0 -1.7320508075688772 0.6533516852166668 0.6533546590999992
1.0 -1.539600717839002 0.6468339527479168 0.6468334366729178
1.0 -1.3471506281091268 0.23013888282291683 0.2302152111562501
1.0 -1.1547005383792515 0.1696996170166665 0.16966109399166648
1.0 -0.9622504486493763 0.2301388828229169 0.23021521115625018
1.0 -0.769800358919501 0.6468339527479172 0.6468334366729174
1.0 -0.5773502691896257 0.6533516852166668 0.6533546590999992
1.0 -0.3849001794597505 0.6468339527479168 0.646833436672918
1.0 -0.19245008972987526 0.2301388828229171 0.23021521115625027
1.0 0.0 0.1696996170166665 0.16966109399166648
1.0 0.19245008972987526 0.23013888282291703 0.23021521115625027
1.0 0.3849001794597505 0.646833952747917 0.6468334366729178
1.0 0.5773502691896257 0.6533516852166668 0.6533546590999992
1.0 0.769800358919501 0.6468339527479174 0.6468334366729172
1.0 0.9622504486493763 0.2301388828229171 0.2302152111562501
1.0 1.1547005383792515 0.1696996170166665 0.16966109399166648
1.0 1.3471506281091268 0.23013888282291695 0.2302152111562501
1.0 1.539600717839002 0.646833952747917 0.6468334366729178
1.0 1.7320508075688772 0.6533516852166668 0.6533546590999992
1.0 1.9245008972987525 0.6468339527479172 0.646833436672917
1.0 2.116950987028628 0.23013888282291714 0.2302152111562501
1.0 2.309401076758503 0.1696996170166665 0.16966109399166648
1.0833333333333333 -2.309401076758503 0.16729280285598222 0.16729713017015926
1.0833333333333333 -2.116950987028628 0.21906356844706987 0.2190787523446754
1.0833333333333333 -1.9245008972987525 0.645536791496135 0.6455284856097787
1.0833333333333333 -1.7320508075688772 0.6503745223064996 0.6503736676729399
1.0833333333333333 -1.539600717839002 0.6455191753353082 0.6455118750593495
1.0833333333333333 -1.3471506281091268 0.21901644017477703 0.21903154240292988
1.0833333333333333 -1.1547005383792515 0.1672928028559824 0.16729713017015937
1.0833333333333333 -0.9622504486493763 0.21906356844706976 0.2190787523446753
1.0833333333333333 -0.769800358919501 0.6455367914961347 0.6455284856097787
1.0833333333333333 -0.5773502691896257 0.6503745223064998 0.65037366767294
1.0833333333333333 -0.3849001794597505 0.645519175335308 0.6455118750593495
1.0833333333333333 -0.19245008972987526 0.21901644017477737 0.21903154240292996
1.0833333333333333 0.0 0.16729280285598225 0.16729713017015926
1.0833333333333333 0.19245008972987526 0.21906356844706962 0.21907875234467533
1.0833333333333333 0.3849001794597505 0.6455367914961347 0.6455284856097786
1.0833333333333333 0.5773502691896257 0.6503745223064998 0.6503736676729399
1.0833333333333333 0.769800358919501 0.6455191753353076 0.645511875059349
1.0833333333333333 0.9622504486493763 0.21901644017477767 0.21903154240292994
1.0833333333333333 1.1547005383792515 0.1672928028559822 0.1672971301701594
1.0833333333333333 1.3471506281091268 0.219063568447069 0.21907875234467517
1.0833333333333333 1.539600717839002 0.6455367914961347 0.6455284856097784
1.0833333333333333 1.7320508075688772 0.6503745223064998 0.6503736676729399
1.0833333333333333 1.9245008972987525 0.645519175335308 0.6455118750593487
1.0833333333333333 2.116950987028628 0.21901644017477753 0.21903154240292996
1.0833333333333333 2.309401076758503 0.16729280285598178 0.16729713017015915
1.1666666666666667 -2.309401076758503 0.1598233220437617 0.1598200743578849
1.1666666666666667 -2.116950987028628 0.19798823443975913 0.19798659383516917
1.1666666666666667 -1.9245008972987525 0.6360342612122625 0.6360302524270383
1.1666666666666667 -1.7320508075688772 0.645818580610406 0.645842413329615
1.1666666666666667 -1.539600717839002 0.6360004105894093 0.6359888347898314
1.1666666666666667 -1.3471506281091268 0.1978541202294056 0.19785056813546192
1.1666666666666667 -1.1547005383792515 0.15982332204376157 0.15982007435788462
1.1666666666666667 -0.9622504486493763 0.1979882344397593 0.19798659383516926
1.1666666666666667 -0.769800358919501 0.6360342612122623 0.6360302524270381
1.1666666666666667 -0.5773502691896257 0.6458185806104062 0.6458424133296149
1.1666666666666667 -0.3849001794597505 0.636000410589409 0.6359888347898311
1.1666666666666667 -0.19245008972987526 0.19785412022940566 0.19785056813546206
1.1666666666666667 0.0 0.15982332204376168 0.15982007435788484
1.1666666666666667 0.19245008972987526 0.19798823443975924 0.19798659383516937
1.1666666666666667 0.3849001794597505 0.6360342612122625 0.636030252427038
1.1666666666666667 0.5773502691896257 0.6458185806104064 0.6458424133296151
1.1666666666666667 0.769800358919501 0.636000410589409 0.6359888347898314
1.1666666666666667 0.9622504486493763 0.19785412022940574 0.197850568135462
1.1666666666666667 1.1547005383792515 0.15982332204376157 0.15982007435788464
1.1666666666666667 1.3471506281091268 0.1979882344397592 0.19798659383516914
1.1666666666666667 1.539600717839002 0.6360342612122625 0.6360302524270379
1.1666666666666667 1.7320508075688772 0.6458185806104064 0.6458424133296153
1.1666666666666667 1.9245008972987525 0.636000410589409 0.6359888347898314
1.1666666666666667 2.116950987028628 0.19785412022940568 0.1978505681354619
1.1666666666666667 2.309401076758503 0.1598233220437618 0.15982007435788498
1.25 -2.309401076758503 0.15072126139199718 0.15070842608135943
1.25 -2.116950987028628 0.17485049451537452 0.174838478879798
1.25 -1.9245008972987525 0.5841752625528218 0.5840085953088736
1.25 -1.7320508075688772 0.6349114408330034 0.6349633263519741
1.25 -1.539600717839002 0.5840448139651433 0.583859574606063
1.25 -1.3471506281091268 0.17474278299165913 0.17473003402192974
1.25 -1.1547005383792515 0.1507212613919971 0.1507084260813595
1.25 -0.9622504486493763 0.17485049451537452 0.17483847887979795
1.25 -0.769800358919501 0.5841752625528218 0.5840085953088742
1.25 -0.5773502691896257 0.6349114408330032 0.634963326351974
1.25 -0.3849001794597505 0.5840448139651431 0.583859574606063
1.25 -0.19245008972987526 0.17474278299165905 0.17473003402192985
1.25 0.0 0.15072126139199687 0.15070842608135937
1.25 0.19245008972987526 0.17485049451537424 0.174838478879798
1.25 0.3849001794597505 0.584175262552822 0.5840085953088743
1.25 0.5773502691896257 0.6349114408330034 0.6349633263519742
1.25 0.769800358919501 0.5840448139651431 0.5838595746060632
1.25 0.9622504486493763 0.17474278299165902 0.17473003402193008
1.25 1.1547005383792515 0.150721261391997 0.15070842608135937
1.25 1.3471506281091268 0.17485049451537427 0.17483847887979795
1.25 1.539600717839002 0.5841752625528218 0.5840085953088743
1.25 1.7320508075688772 0.6349114408330034 0.6349633263519741
1.25 1.9245008972987525 0.5840448139651433 0.5838595746060635
1.25 2.116950987028628 0.17474278299165927 0.17473003402193032
1.25 2.309401076758503 0.15072126139199699 0.15070842608135934
1.3333333333333333 -2.309401076758503 0.14622043504791604 0.14619943032499966
1.3333333333333333 -2.116950987028628 0.1572554432291669 0.1572547611916667
1.3333333333333333 -1.9245008972987525 0.33014036698541654 0.3296153791437494
1.3333333333333333 -1.7320508075688772 0.5282997880229168 0.5289735715041659
1.3333333333333333 -1.539600717839002 0.3299104861291667 0.3294170360125003
1.3333333333333333 -1.3471506281091268 0.15731800396041662 0.15732973444791634
1.3333333333333333 -1.1547005383792515 0.1462204350479163 0.1461994303250001
1.3333333333333333 -0.9622504486493763 0.15725544322916643 0.15725476119166654
1.3333333333333333 -0.769800358919501 0.33014036698541677 0.32961537914374983
1.3333333333333333 -0.5773502691896257 0.5282997880229172 0.5289735715041666
1.3333333333333333 -0.3849001794597505 0.3299104861291669 0.32941703601250044
1.3333333333333333 -0.19245008972987526 0.15731800396041645 0.15732973444791634
1.3333333333333333 0.0 0.1462204350479162 0.14619943032499996
1.3333333333333333 0.19245008972987526 0.15725544322916646 0.15725476119166654
1.3333333333333333 0.3849001794597505 0.3301403669854168 0.32961537914374983
1.3333333333333333 0.5773502691896257 0.5282997880229174 0.5289735715041666
1.3333333333333333 0.769800358919501 0.32991048612916674 0.32941703601250033
1.3333333333333333 0.9622504486493763 0.15731800396041642 0.15732973444791634
1.3333333333333333 1.1547005383792515 0.14622043504791643 0.14619943032500018
1.3333333333333333 1.3471506281091268 0.15725544322916654 0.15725476119166648
1.3333333333333333 1.539600717839002 0.3301403669854167 0.3296153791437501
1.3333333333333333 1.7320508075688772 0.5282997880229172 0.5289735715041664
1.3333333333333333 1.9245008972987525 0.32991048612916646 0.32941703601250016
1.3333333333333333 2.116950987028628 0.1573180039604167 0.15732973444791673
1.3333333333333333 2.309401076758503 0.14622043504791604 0.14619943032499985
1.4166666666666667 -2.309401076758503 0.14785793671459516 0.14787614344836997
1.4166666666666667 -2.116950987028628 0.1498395940799817 0.14983564120962833
1.4166666666666667 -1.9245008972987525 0.17891494968783095 0.17884436875555607
1.4166666666666667 -1.7320508075688772 0.2586704198979233 0.25919408002519595
1.4166666666666667 -1.539600717839002 0.1788556962741062 0.17879836939432897
1.4166666666666667 -1.3471506281091268 0.15001992022979144 0.15001645440708683
1.4166666666666667 -1.1547005383792515 0.14785793671459477 0.14787614344836955
1.4166666666666667 -0.9622504486493763 0.14983959407998165 0.1498356412096284
1.4166666666666667 -0.769800358919501 0.1789149496878309 0.17884436875555604
1.4166666666666667 -0.5773502691896257 0.25867041989792294 0.2591940800251955
1.4166666666666667 -0.3849001794597505 0.17885569627410622 0.17879836939432892
1.4166666666666667 -0.19245008972987526 0.1500199202297915 0.15001645440708702
1.4166666666666667 0.0 0.1478579367145948 0.14787614344836994
1.4166666666666667 0.19245008972987526 0.14983959407998165 0.1498356412096286
1.4166666666666667 0.3849001794597505 0.17891494968783092 0.17884436875555607
1.4166666666666667 0.5773502691896257 0.25867041989792294 0.2591940800251954
1.4166666666666667 0.769800358919501 0.17885569627410652 0.17879836939432894
1.4166666666666667 0.9622504486493763 0.15001992022979152 0.15001645440708675
1.4166666666666667 1.1547005383792515 0.14785793671459468 0.1478761434483696
1.4166666666666667 1.3471506281091268 0.14983959407998157 0.1498356412096285
1.4166666666666667 1.539600717839002 0.17891494968783106 0.17884436875555607
1.4166666666666667 1.7320508075688772 0.25867041989792333 0.2591940800251957
1.4166666666666667 1.9245008972987525 0.17885569627410675 0.1787983693943288
1.4166666666666667 2.116950987028628 0.1500199202297916 0.15001645440708658
1.4166666666666667 2.309401076758503 0.14785793671459513 0.14787614344837
1.5 -2.309401076758503 0.1656482496583333 0.16562909018750002
1.5 -2.116950987028628 0.15491466745064042 0.15488070960103656
1.5 -1.9245008972987525 0.15491466745064048 0.1548807096010365
1.5 -1.7320508075688772 0.16564824965833305 0.16562909018749977
1.5 -1.539600717839002 0.15501976995352593 0.1549855805864635
1.5 -1.3471506281091268 0.1550197699535259 0.15498558058646383
1.5 -1.1547005383792515 0.165648249658333 0.16562909018749977
1.5 -0.9622504486493763 0.1549146674506403 0.15488070960103634
1.5 -0.769800358919501 0.15491466745064056 0.1548807096010365
1.5 -0.5773502691896257 0.16564824965833325 0.16562909018750002
1.5 -0.3849001794597505 0.15501976995352584 0.15498558058646356
1.5 -0.19245008972987526 0.1550197699535258 0.15498558058646356
1.5 0.0 0.1656482496583333 0.16562909018750008
1.5 0.19245008972987526 0.1549146674506403 0.1548807096010364
1.5 0.3849001794597505 0.15491466745064025 0.1548807096010364
1.5 0.5773502691896257 0.16564824965833325 0.16562909018750002
1.5 0.769800358919501 0.15501976995352587 0.1549855805864636
1.5 0.9622504486493763 0.15501976995352587 0.15498558058646364
1.5 1.1547005383792515 0.16564824965833294 0.16562909018749977
1.5 1.3471506281091268 0.15491466745064061 0.15488070960103656
1.5 1.539600717839002 0.15491466745064053 0.15488070960103653
1.5 1.7320508075688772 0.16564824965833305 0.16562909018749983
1.5 1.9245008972987525 0.15501976995352595 0.1549855805864636
1.5 2.116950987028628 0.155019769953526 0.15498558058646367
1.5 2.309401076758503 0.1656482496583332 0.16562909018749986
1.5833333333333333 -2.309401076758503 0.25867041989792267 0.25919408002519495
1.5833333333333333 -2.116950987028628 0.17891494968783125 0.17884436875555612
1.5833333333333333 -1.9245008972987525 0.14983959407998138 0.1498356412096285
1.5833333333333333 -1.7320508075688772 0.14785793671459468 0.14787614344836963
1.5833333333333333 -1.539600717839002 0.15001992022979144 0.15001645440708664
1.5833333333333333 -1.3471506281091268 0.17885569627410658 0.17879836939432894
1.5833333333333333 -1.1547005383792515 0.2586704198979231 0.25919408002519534
1.5833333333333333 -0.9622504486493763 0.17891494968783103 0.17884436875555607
1.5833333333333333 -0.769800358919501 0.14983959407998163 0.1498356412096285
1.5833333333333333 -0.5773502691896257 0.14785793671459513 0.14787614344836977
1.5833333333333333 -0.3849001794597505 0.15001992022979155 0.15001645440708675
1.5833333333333333 -0.19245008972987526 0.1788556962741063 0.17879836939432894
1.5833333333333333 0.0 0.2586704198979226 0.2591940800251953
1.5833333333333333 0.19245008972987526 0.17891494968783112 0.17884436875555595
1.5833333333333333 0.3849001794597505 0.1498395940799816 0.14983564120962828
1.5833333333333333 0.5773502691896257 0.1478579367145949 0.14787614344836986
1.5833333333333333 0.769800358919501 0.1500199202297916 0.15001645440708702
1.5833333333333333 0.9622504486493763 0.1788556962741063 0.17879836939432892
1.5833333333333333 1.1547005383792515 0.25867041989792283 0.2591940800251955
1.5833333333333333 1.3471506281091268 0.178914949687831 0.1788443687555559
1.5833333333333333 1.539600717839002 0.1498395940799816 0.1498356412096284
1.5833333333333333 1.7320508075688772 0.14785793671459463 0.14787614344836947
1.5833333333333333 1.9245008972987525 0.15001992022979146 0.15001645440708702
1.5833333333333333 2.116950987028628 0.17885569627410636 0.17879836939432892
1.5833333333333333 2.309401076758503 0.25867041989792233 0.2591940800251952
1.6666666666666667 -2.309401076758503 0.5282997880229165 0.5289735715041665
1.6666666666666667 -2.116950987028628 0.3301403669854163 0.3296153791437493
1.6666666666666667 -1.9245008972987525 0.15725544322916643 0.15725476119166626
1.6666666666666667 -1.7320508075688772 0.14622043504791638 0.14619943032500038
1.6666666666666667 -1.539600717839002 0.15731800396041667 0.15732973444791645
1.6666666666666667 -1.3471506281091268 0.3299104861291663 0.3294170360124998
1.6666666666666667 -1.1547005383792515 0.528299788022917 0.5289735715041665
1.6666666666666667 -0.9622504486493763 0.3301403669854167 0.3296153791437498
1.6666666666666667 -0.769800358919501 0.15725544322916654 0.1572547611916665
1.6666666666666667 -0.5773502691896257 0.1462204350479162 0.14619943032499988
1.6666666666666667 -0.3849001794597505 0.15731800396041642 0.1573297344479162
1.6666666666666667 -0.19245008972987526 0.3299104861291663 0.3294170360125003
1.6666666666666667 0.0 0.528299788022917 0.5289735715041661
1.6666666666666667 0.19245008972987526 0.33014036698541654 0.32961537914374966
1.6666666666666667 0.3849001794597505 0.15725544322916638 0.15725476119166662
1.6666666666666667 0.5773502691896257 0.1462204350479164 0.1461994303250001
1.6666666666666667 0.769800358919501 0.15731800396041656 0.15732973444791634
1.6666666666666667 0.9622504486493763 0.3299104861291665 0.3294170360125001
1.6666666666666667 1.1547005383792515 0.5282997880229168 0.5289735715041659
1.6666666666666667 1.3471506281091268 0.33014036698541643 0.3296153791437494
1.6666666666666667 1.539600717839002 0.15725544322916676 0.15725476119166676
1.6666666666666667 1.7320508075688772 0.14622043504791643 0.14619943032500002
1.6666666666666667 1.9245008972987525 0.15731800396041656 0.15732973444791615
1.6666666666666667 2.116950987028628 0.32991048612916607 0.3294170360124997
1.6666666666666667 2.309401076758503 0.5282997880229168 0.5289735715041658
1.75 -2.309401076758503 0.6349114408330032 0.6349633263519742
1.75 -2.116950987028628 0.5841752625528214 0.5840085953088741
1.75 -1.9245008972987525 0.1748504945153741 0.1748384788797981
1.75 -1.7320508075688772 0.15072126139199699 0.15070842608135956
1.75 -1.539600717839002 0.1747427829916593 0.17473003402193013
1.75 -1.3471506281091268 0.5840448139651435 0.5838595746060635
1.75 -1.1547005383792515 0.6349114408330034 0.6349633263519742
1.75 -0.9622504486493763 0.584175262552822 0.5840085953088744
1.75 -0.769800358919501 0.17485049451537465 0.17483847887979828
1.75 -0.5773502691896257 0.15072126139199699 0.15070842608135948
1.75 -0.3849001794597505 0.1747427829916594 0.1747300340219301
1.75 -0.19245008972987526 0.5840448139651429 0.5838595746060632
1.75 0.0 0.6349114408330032 0.634963326351974
1.75 0.19245008972987526 0.5841752625528216 0.5840085953088738
1.75 0.3849001794597505 0.17485049451537457 0.17483847887979825
1.75 0.5773502691896257 0.15072126139199718 0.15070842608135954
1.75 0.769800358919501 0.1747427829916592 0.17473003402193005
1.75 0.9622504486493763 0.5840448139651431 0.5838595746060631
1.75 1.1547005383792515 0.6349114408330034 0.6349633263519738
1.75 1.3471506281091268 0.5841752625528218 0.5840085953088741
1.75 1.539600717839002 0.17485049451537463 0.17483847887979811
1.75 1.7320508075688772 0.15072126139199699 0.1507084260813595
1.75 1.9245008972987525 0.17474278299165918 0.17473003402192983
1.75 2.116950987028628 0.5840448139651431 0.5838595746060629
1.75 2.309401076758503 0.6349114408330034 0.6349633263519741
1.8333333333333333 -2.309401076758503 0.6458185806104066 0.6458424133296149
1.8333333333333333 -2.116950987028628 0.6360342612122623 0.6360302524270377
1.8333333333333333 -1.9245008972987525 0.19798823443975946 0.19798659383516903
1.8333333333333333 -1.7320508075688772 0.1598233220437617 0.15982007435788478
1.8333333333333333 -1.539600717839002 0.19785412022940552 0.19785056813546173
1.8333333333333333 -1.3471506281091268 0.6360004105894093 0.6359888347898314
1.8333333333333333 -1.1547005383792515 0.6458185806104066 0.6458424133296149
1.8333333333333333 -0.9622504486493763 0.6360342612122625 0.6360302524270377
1.8333333333333333 -0.769800358919501 0.19798823443975924 0.19798659383516912
1.8333333333333333 -0.5773502691896257 0.15982332204376168 0.15982007435788478
1.8333333333333333 -0.3849001794597505 0.19785412022940568 0.19785056813546206
1.8333333333333333 -0.19245008972987526 0.6360004105894093 0.6359888347898313
1.8333333333333333 0.0 0.6458185806104064 0.6458424133296152
1.8333333333333333 0.19245008972987526 0.6360342612122625 0.6360302524270381
1.8333333333333333 0.3849001794597505 0.19798823443975905 0.19798659383516928
1.8333333333333333 0.5773502691896257 0.15982332204376162 0.15982007435788484
1.8333333333333333 0.769800358919501 0.19785412022940568 0.197850568135462
1.8333333333333333 0.9622504486493763 0.6360004105894093 0.6359888347898313
1.8333333333333333 1.1547005383792515 0.6458185806104062 0.6458424133296148
1.8333333333333333 1.3471506281091268 0.6360342612122625 0.6360302524270384
1.8333333333333333 1.539600717839002 0.19798823443975896 0.19798659383516906
1.8333333333333333 1.7320508075688772 0.15982332204376148 0.15982007435788473
1.8333333333333333 1.9245008972987525 0.1978541202294059 0.1978505681354621
1.8333333333333333 2.116950987028628 0.6360004105894093 0.6359888347898313
1.8333333333333333 2.309401076758503 0.6458185806104062 0.6458424133296147
1.9166666666666667 -2.309401076758503 0.6503745223065001 0.6503736676729401
1.9166666666666667 -2.116950987028628 0.6455367914961352 0.6455284856097793
1.9166666666666667 -1.9245008972987525 0.2190635684470695 0.21907875234467544
1.9166666666666667 -1.7320508075688772 0.16729280285598208 0.16729713017015949
1.9166666666666667 -1.539600717839002 0.2190164401747772 0.21903154240292966
1.9166666666666667 -1.3471506281091268 0.645519175335308 0.6455118750593494
1.9166666666666667 -1.1547005383792515 0.6503745223064998 0.6503736676729401
1.9166666666666667 -0.9622504486493763 0.6455367914961352 0.6455284856097789
1.9166666666666667 -0.769800358919501 0.21906356844706937 0.21907875234467547
1.9166666666666667 -0.5773502691896257 0.16729280285598205 0.16729713017015924
1.9166666666666667 -0.3849001794597505 0.21901644017477714 0.21903154240292974
1.9166666666666667 -0.19245008972987526 0.6455191753353078 0.6455118750593494
1.9166666666666667 0.0 0.6503745223064998 0.65037366767294
1.9166666666666667 0.19245008972987526 0.645536791496135 0.6455284856097787
1.9166666666666667 0.3849001794597505 0.2190635684470694 0.21907875234467517
1.9166666666666667 0.5773502691896257 0.16729280285598208 0.1672971301701593
1.9166666666666667 0.769800358919501 0.21901644017477737 0.21903154240292994
1.9166666666666667 0.9622504486493763 0.6455191753353084 0.6455118750593498
1.9166666666666667 1.1547005383792515 0.6503745223065001 0.6503736676729401
1.9166666666666667 1.3471506281091268 0.645536791496135 0.6455284856097788
1.9166666666666667 1.539600717839002 0.21906356844706923 0.219078752344675
1.9166666666666667 1.7320508075688772 0.1672928028559824 0.1672971301701594
1.9166666666666667 1.9245008972987525 0.21901644017477734 0.21903154240293016
1.9166666666666667 2.116950987028628 0.645519175335308 0.6455118750593499
1.9166666666666667 2.309401076758503 0.6503745223065001 0.65037366767294
2.0 -2.309401076758503 0.6533516852166668 0.6533546590999992
2.0 -2.116950987028628 0.6468339527479161 0.6468334366729176
2.0 -1.9245008972987525 0.23013888282291717 0.23021521115624993
2.0 -1.7320508075688772 0.1696996170166665 0.16966109399166648
2.0 -1.539600717839002 0.23013888282291686 0.23021521115625032
2.0 -1.3471506281091268 0.6468339527479174 0.6468334366729176
2.0 -1.1547005383792515 0.6533516852166668 0.6533546590999992
2.0 -0.9622504486493763 0.646833952747917 0.646833436672918
2.0 -0.769800358919501 0.23013888282291714 0.23021521115625027
2.0 -0.5773502691896257 0.1696996170166665 0.16966109399166648
2.0 -0.3849001794597505 0.23013888282291697 0.23021521115625054
2.0 -0.19245008972987526 0.6468339527479174 0.6468334366729176
2.0 0.0 0.6533516852166668 0.6533546590999992
2.0 0.19245008972987526 0.6468339527479172 0.6468334366729178
2.0 0.3849001794597505 0.230138882822917 0.23021521115625046
2.0 0.5773502691896257 0.1696996170166665 0.16966109399166648
2.0 0.769800358919501 0.23013888282291703 0.2302152111562504
2.0 0.9622504486493763 0.646833952747917 0.6468334366729177
2.0 1.1547005383792515 0.6533516852166668 0.6533546590999992
2.0 1.3471506281091268 0.6468339527479177 0.6468334366729175
2.0 1.539600717839002 0.23013888282291725 0.2302152111562502
2.0 1.7320508075688772 0.1696996170166665 0.16966109399166648
2.0 1.9245008972987525 0.23013888282291692 0.2302152111562502
2.0 2.116950987028628 0.6468339527479168 0.6468334366729178
2.0 2.309401076758503 0.6533516852166668 0.6533546590999992
