-2.0 -2.309401076758503 0.6166481382712499 0.6166663494787501
-2.0 -2.116950987028628 0.6139653954437497 0.6139883985441659
-2.0 -1.9245008972987525 0.3622479058437514 0.36232002230250016
-2.0 -1.7320508075688772 0.23623130507125015 0.23625146649541648
-2.0 -1.539600717839002 0.36224790584375127 0.3623200223025001
-2.0 -1.3471506281091268 0.6139653954437501 0.6139883985441659
-2.0 -1.1547005383792515 0.6166481382712499 0.6166663494787501
-2.0 -0.9622504486493763 0.6139653954437503 0.613988398544166
-2.0 -0.769800358919501 0.36224790584375127 0.3623200223025006
-2.0 -0.5773502691896257 0.23623130507125015 0.23625146649541648
-2.0 -0.3849001794597505 0.36224790584375127 0.36232002230250027
-2.0 -0.19245008972987526 0.6139653954437501 0.6139883985441653
-2.0 0.0 0.6166481382712499 0.6166663494787501
-2.0 0.19245008972987526 0.6139653954437501 0.6139883985441658
-2.0 0.3849001794597505 0.3622479058437511 0.3623200223025004
-2.0 0.5773502691896257 0.23623130507125015 0.23625146649541648
-2.0 0.769800358919501 0.3622479058437513 0.36232002230250043
-2.0 0.9622504486493763 0.6139653954437502 0.613988398544166
-2.0 1.1547005383792515 0.6166481382712499 0.6166663494787501
-2.0 1.3471506281091268 0.6139653954437502 0.613988398544166
-2.0 1.539600717839002 0.36224790584375116 0.3623200223025003
-2.0 1.7320508075688772 0.23623130507125015 0.23625146649541648
-2.0 1.9245008972987525 0.3622479058437514 0.36232002230250027
-2.0 2.116950987028628 0.6139653954437497 0.6139883985441658
-2.0 2.309401076758503 0.6166481382712499 0.6166663494787501
-1.9166666666666667 -2.309401076758503 0.6153803950881034 0.6153971181924484
-1.9166666666666667 -2.116950987028628 0.6122716755995466 0.6122919039168728
-1.9166666666666667 -1.9245008972987525 0.3341482888973028 0.3341392512878611
-1.9166666666666667 -1.7320508075688772 0.22604002911909582 0.22605575742236902
-1.9166666666666667 -1.539600717839002 0.3341929484236532 0.33418482559733775
-1.9166666666666667 -1.3471506281091268 0.6122810951151308 0.6123000455131736
-1.9166666666666667 -1.1547005383792515 0.6153803950881032 0.6153971181924484
-1.9166666666666667 -0.9622504486493763 0.612271675599547 0.6122919039168733
-1.9166666666666667 -0.769800358919501 0.3341482888973028 0.33413925128786126
-1.9166666666666667 -0.5773502691896257 0.22604002911909574 0.22605575742236922
-1.9166666666666667 -0.3849001794597505 0.3341929484236531 0.33418482559733803
-1.9166666666666667 -0.19245008972987526 0.6122810951151306 0.6123000455131736
-1.9166666666666667 0.0 0.6153803950881033 0.6153971181924485
-1.9166666666666667 0.19245008972987526 0.6122716755995469 0.6122919039168734
-1.9166666666666667 0.3849001794597505 0.3341482888973025 0.3341392512878612
-1.9166666666666667 0.5773502691896257 0.22604002911909585 0.22605575742236914
-1.9166666666666667 0.769800358919501 0.3341929484236534 0.3341848255973383
-1.9166666666666667 0.9622504486493763 0.612281095115131 0.6123000455131736
-1.9166666666666667 1.1547005383792515 0.6153803950881035 0.6153971181924484
-1.9166666666666667 1.3471506281091268 0.6122716755995471 0.6122919039168734
-1.9166666666666667 1.539600717839002 0.3341482888973026 0.33413925128786076
-1.9166666666666667 1.7320508075688772 0.22604002911909613 0.22605575742236908
-1.9166666666666667 1.9245008972987525 0.3341929484236534 0.3341848255973385
-1.9166666666666667 2.116950987028628 0.6122810951151308 0.6123000455131735
-1.9166666666666667 2.309401076758503 0.6153803950881036 0.6153971181924486
-1.8333333333333333 -2.309401076758503 0.6119018692059012 0.6119179723025093
-1.8333333333333333 -2.116950987028628 0.6057141156972792 0.6057354872665142
-1.8333333333333333 -1.9245008972987525 0.263367716056249 0.26339435801560074
-1.8333333333333333 -1.7320508075688772 0.20426244974451552 0.20428709196707484
-1.8333333333333333 -1.539600717839002 0.26346658299813824 0.2634946997505692
-1.8333333333333333 -1.3471506281091268 0.6057454438391688 0.6057671971139825
-1.8333333333333333 -1.1547005383792515 0.6119018692059014 0.6119179723025093
-1.8333333333333333 -0.9622504486493763 0.605714115697279 0.6057354872665139
-1.8333333333333333 -0.769800358919501 0.26336771605624876 0.2633943580156005
-1.8333333333333333 -0.5773502691896257 0.20426244974451563 0.20428709196707487
-1.8333333333333333 -0.3849001794597505 0.2634665829981383 0.26349469975056933
-1.8333333333333333 -0.19245008972987526 0.6057454438391688 0.6057671971139826
-1.8333333333333333 0.0 0.6119018692059012 0.6119179723025093
-1.8333333333333333 0.19245008972987526 0.6057141156972793 0.6057354872665138
-1.8333333333333333 0.3849001794597505 0.2633677160562487 0.26339435801560057
-1.8333333333333333 0.5773502691896257 0.20426244974451563 0.20428709196707484
-1.8333333333333333 0.769800358919501 0.26346658299813835 0.2634946997505692
-1.8333333333333333 0.9622504486493763 0.6057454438391691 0.6057671971139822
-1.8333333333333333 1.1547005383792515 0.6119018692059011 0.6119179723025095
-1.8333333333333333 1.3471506281091268 0.6057141156972793 0.605735487266514
-1.8333333333333333 1.539600717839002 0.2633677160562486 0.26339435801560035
-1.8333333333333333 1.7320508075688772 0.20426244974451555 0.20428709196707484
-1.8333333333333333 1.9245008972987525 0.2634665829981385 0.26349469975056916
-1.8333333333333333 2.116950987028628 0.6057454438391691 0.6057671971139821
-1.8333333333333333 2.309401076758503 0.6119018692059007 0.6119179723025093
-1.75 -2.309401076758503 0.6014634640825417 0.6014779856076498
-1.75 -2.116950987028628 0.5861986547337832 0.5862288168872378
-1.75 -1.9245008972987525 0.22843601725895815 0.2284556711378727
-1.75 -1.7320508075688772 0.19030240778662463 0.19031826122985046
-1.75 -1.539600717839002 0.2285390929152802 0.2285597138790297
-1.75 -1.3471506281091268 0.5862970783903094 0.5863284664258587
-1.75 -1.1547005383792515 0.6014634640825416 0.6014779856076495
-1.75 -0.9622504486493763 0.5861986547337835 0.5862288168872383
-1.75 -0.769800358919501 0.22843601725895826 0.2284556711378732
-1.75 -0.5773502691896257 0.19030240778662458 0.19031826122985038
-1.75 -0.3849001794597505 0.22853909291528013 0.22855971387902996
-1.75 -0.19245008972987526 0.5862970783903099 0.5863284664258586
-1.75 0.0 0.6014634640825417 0.6014779856076495
-1.75 0.19245008972987526 0.5861986547337832 0.586228816887238
-1.75 0.3849001794597505 0.2284360172589582 0.22845567113787316
-1.75 0.5773502691896257 0.19030240778662452 0.1903182612298504
-1.75 0.769800358919501 0.22853909291528032 0.22855971387903012
-1.75 0.9622504486493763 0.5862970783903098 0.5863284664258588
-1.75 1.1547005383792515 0.6014634640825419 0.6014779856076495
-1.75 1.3471506281091268 0.5861986547337832 0.5862288168872385
-1.75 1.539600717839002 0.22843601725895812 0.22845567113787318
-1.75 1.7320508075688772 0.19030240778662427 0.19031826122985043
-1.75 1.9245008972987525 0.22853909291528007 0.22855971387902996
-1.75 2.116950987028628 0.5862970783903095 0.5863284664258588
-1.75 2.309401076758503 0.6014634640825423 0.6014779856076493
-1.6666666666666667 -2.309401076758503 0.5310106250043749 0.5310515625472911
-1.6666666666666667 -2.116950987028628 0.4886354962643761 0.4886400962481251
-1.6666666666666667 -1.9245008972987525 0.20580092073937495 0.20582086350854117
-1.6666666666666667 -1.7320508075688772 0.18289372127937514 0.18291155805562492
-1.6666666666666667 -1.539600717839002 0.20574387446437495 0.20576590346479162
-1.6666666666666667 -1.3471506281091268 0.48883540503937634 0.4888429490918762
-1.6666666666666667 -1.1547005383792515 0.5310106250043749 0.5310515625472911
-1.6666666666666667 -0.9622504486493763 0.48863549626437586 0.48864009624812543
-1.6666666666666667 -0.769800358919501 0.20580092073937523 0.20582086350854154
-1.6666666666666667 -0.5773502691896257 0.18289372127937484 0.1829115580556249
-1.6666666666666667 -0.3849001794597505 0.2057438744643748 0.20576590346479137
-1.6666666666666667 -0.19245008972987526 0.4888354050393765 0.48884294909187603
-1.6666666666666667 0.0 0.5310106250043747 0.5310515625472908
-1.6666666666666667 0.19245008972987526 0.48863549626437597 0.4886400962481256
-1.6666666666666667 0.3849001794597505 0.20580092073937517 0.2058208635085414
-1.6666666666666667 0.5773502691896257 0.18289372127937503 0.18291155805562478
-1.6666666666666667 0.769800358919501 0.205743874464375 0.20576590346479146
-1.6666666666666667 0.9622504486493763 0.48883540503937656 0.4888429490918758
-1.6666666666666667 1.1547005383792515 0.5310106250043749 0.531051562547291
-1.6666666666666667 1.3471506281091268 0.4886354962643755 0.48864009624812554
-1.6666666666666667 1.539600717839002 0.2058009207393755 0.20582086350854137
-1.6666666666666667 1.7320508075688772 0.18289372127937528 0.18291155805562495
-1.6666666666666667 1.9245008972987525 0.20574387446437473 0.20576590346479146
-1.6666666666666667 2.116950987028628 0.48883540503937656 0.48884294909187564
-1.6666666666666667 2.309401076758503 0.5310106250043748 0.5310515625472917
-1.5833333333333333 -2.309401076758503 0.3115271879571062 0.31159061583647313
-1.5833333333333333 -2.116950987028628 0.2764564149426463 0.2764642443141676
-1.5833333333333333 -1.9245008972987525 0.19587381659567693 0.19588850820931128
-1.5833333333333333 -1.7320508075688772 0.1848593343065245 0.1848678947812092
-1.5833333333333333 -1.539600717839002 0.19569979927575498 0.1957152503722967
-1.5833333333333333 -1.3471506281091268 0.2765643430119572 0.2765712558889757
-1.5833333333333333 -1.1547005383792515 0.31152718795710654 0.31159061583647363
-1.5833333333333333 -0.9622504486493763 0.2764564149426464 0.2764642443141675
-1.5833333333333333 -0.769800358919501 0.19587381659567712 0.1958885082093115
-1.5833333333333333 -0.5773502691896257 0.18485933430652476 0.1848678947812096
-1.5833333333333333 -0.3849001794597505 0.19569979927575523 0.1957152503722967
-1.5833333333333333 -0.19245008972987526 0.2765643430119568 0.2765712558889757
-1.5833333333333333 0.0 0.3115271879571067 0.31159061583647346
-1.5833333333333333 0.19245008972987526 0.27645641494264633 0.2764642443141676
-1.5833333333333333 0.3849001794597505 0.1958738165956771 0.1958885082093114
-1.5833333333333333 0.5773502691896257 0.18485933430652465 0.18486789478120952
-1.5833333333333333 0.769800358919501 0.19569979927575534 0.19571525037229673
-1.5833333333333333 0.9622504486493763 0.27656434301195704 0.27657125588897574
-1.5833333333333333 1.1547005383792515 0.3115271879571065 0.3115906158364735
-1.5833333333333333 1.3471506281091268 0.2764564149426464 0.27646424431416766
-1.5833333333333333 1.539600717839002 0.1958738165956769 0.19588850820931114
-1.5833333333333333 1.7320508075688772 0.18485933430652454 0.18486789478120913
-1.5833333333333333 1.9245008972987525 0.1956997992757554 0.1957152503722964
-1.5833333333333333 2.116950987028628 0.27656434301195715 0.27657125588897613
-1.5833333333333333 2.309401076758503 0.3115271879571061 0.3115906158364729
-1.5 -2.309401076758503 0.20569807225458284 0.20570072407041637
-1.5 -2.116950987028628 0.20527237191611125 0.20528066622993338
-1.5 -1.9245008972987525 0.20527237191611114 0.20528066622993318
-1.5 -1.7320508075688772 0.20569807225458295 0.20570072407041642
-1.5 -1.539600717839002 0.20518251903805507 0.20519145503339992
-1.5 -1.3471506281091268 0.205182519038055 0.2051914550333998
-1.5 -1.1547005383792515 0.20569807225458292 0.20570072407041626
-1.5 -0.9622504486493763 0.205272371916111 0.20528066622993313
-1.5 -0.769800358919501 0.20527237191611108 0.20528066622993316
-1.5 -0.5773502691896257 0.20569807225458311 0.20570072407041656
-1.5 -0.3849001794597505 0.20518251903805496 0.20519145503340003
-1.5 -0.19245008972987526 0.20518251903805487 0.20519145503339994
-1.5 0.0 0.20569807225458314 0.20570072407041662
-1.5 0.19245008972987526 0.2052723719161111 0.20528066622993305
-1.5 0.3849001794597505 0.20527237191611117 0.20528066622993318
-1.5 0.5773502691896257 0.20569807225458311 0.20570072407041656
-1.5 0.769800358919501 0.2051825190380549 0.2051914550333999
-1.5 0.9622504486493763 0.205182519038055 0.20519145503339992
-1.5 1.1547005383792515 0.20569807225458292 0.20570072407041637
-1.5 1.3471506281091268 0.20527237191611117 0.20528066622993302
-1.5 1.539600717839002 0.20527237191611108 0.20528066622993327
-1.5 1.7320508075688772 0.20569807225458298 0.20570072407041637
-1.5 1.9245008972987525 0.20518251903805482 0.20519145503339975
-1.5 2.116950987028628 0.20518251903805518 0.20519145503339992
-1.5 2.309401076758503 0.20569807225458298 0.20570072407041648
-1.4166666666666667 -2.309401076758503 0.18485933430652476 0.18486789478120969
-1.4166666666666667 -2.116950987028628 0.19587381659567688 0.19588850820931136
-1.4166666666666667 -1.9245008972987525 0.2764564149426466 0.27646424431416794
-1.4166666666666667 -1.7320508075688772 0.3115271879571068 0.31159061583647385
-1.4166666666666667 -1.539600717839002 0.27656434301195737 0.27657125588897613
-1.4166666666666667 -1.3471506281091268 0.1956997992757551 0.19571525037229648
-1.4166666666666667 -1.1547005383792515 0.18485933430652451 0.18486789478120927
-1.4166666666666667 -0.9622504486493763 0.195873816595677 0.1958885082093114
-1.4166666666666667 -0.769800358919501 0.2764564149426465 0.276464244314168
-1.4166666666666667 -0.5773502691896257 0.3115271879571066 0.3115906158364736
-1.4166666666666667 -0.3849001794597505 0.27656434301195715 0.27657125588897585
-1.4166666666666667 -0.19245008972987526 0.19569979927575523 0.19571525037229667
-1.4166666666666667 0.0 0.18485933430652468 0.18486789478120944
-1.4166666666666667 0.19245008972987526 0.19587381659567707 0.19588850820931134
-1.4166666666666667 0.3849001794597505 0.2764564149426465 0.27646424431416794
-1.4166666666666667 0.5773502691896257 0.3115271879571066 0.3115906158364737
-1.4166666666666667 0.769800358919501 0.276564343011957 0.27657125588897613
-1.4166666666666667 0.9622504486493763 0.19569979927575515 0.1957152503722968
-1.4166666666666667 1.1547005383792515 0.18485933430652457 0.18486789478120932
-1.4166666666666667 1.3471506281091268 0.1958738165956769 0.1958885082093113
-1.4166666666666667 1.539600717839002 0.2764564149426466 0.27646424431416766
-1.4166666666666667 1.7320508075688772 0.31152718795710693 0.31159061583647396
-1.4166666666666667 1.9245008972987525 0.27656434301195737 0.27657125588897585
-1.4166666666666667 2.116950987028628 0.19569979927575504 0.19571525037229678
-1.4166666666666667 2.309401076758503 0.18485933430652476 0.18486789478120977
-1.3333333333333333 -2.309401076758503 0.1828937212793748 0.18291155805562476
-1.3333333333333333 -2.116950987028628 0.20580092073937536 0.20582086350854173
-1.3333333333333333 -1.9245008972987525 0.4886354962643763 0.48864009624812565
-1.3333333333333333 -1.7320508075688772 0.5310106250043751 0.5310515625472912
-1.3333333333333333 -1.539600717839002 0.4888354050393766 0.488842949091876
-1.3333333333333333 -1.3471506281091268 0.20574387446437475 0.20576590346479157
-1.3333333333333333 -1.1547005383792515 0.182893721279375 0.18291155805562495
-1.3333333333333333 -0.9622504486493763 0.2058009207393753 0.20582086350854156
-1.3333333333333333 -0.769800358919501 0.48863549626437625 0.4886400962481257
-1.3333333333333333 -0.5773502691896257 0.5310106250043751 0.5310515625472914
-1.3333333333333333 -0.3849001794597505 0.4888354050393766 0.4888429490918762
-1.3333333333333333 -0.19245008972987526 0.20574387446437492 0.20576590346479154
-1.3333333333333333 0.0 0.18289372127937492 0.18291155805562484
-1.3333333333333333 0.19245008972987526 0.20580092073937506 0.20582086350854162
-1.3333333333333333 0.3849001794597505 0.48863549626437613 0.48864009624812577
-1.3333333333333333 0.5773502691896257 0.5310106250043751 0.5310515625472915
-1.3333333333333333 0.769800358919501 0.4888354050393765 0.4888429490918762
-1.3333333333333333 0.9622504486493763 0.20574387446437487 0.20576590346479154
-1.3333333333333333 1.1547005383792515 0.18289372127937495 0.18291155805562515
-1.3333333333333333 1.3471506281091268 0.20580092073937498 0.20582086350854137
-1.3333333333333333 1.539600717839002 0.4886354962643761 0.48864009624812554
-1.3333333333333333 1.7320508075688772 0.5310106250043747 0.531051562547291
-1.3333333333333333 1.9245008972987525 0.4888354050393764 0.4888429490918763
-1.3333333333333333 2.116950987028628 0.20574387446437511 0.2057659034647919
-1.3333333333333333 2.309401076758503 0.1828937212793748 0.18291155805562467
-1.25 -2.309401076758503 0.1903024077866244 0.19031826122985046
-1.25 -2.116950987028628 0.22843601725895843 0.22845567113787338
-1.25 -1.9245008972987525 0.5861986547337831 0.5862288168872382
-1.25 -1.7320508075688772 0.6014634640825417 0.6014779856076493
-1.25 -1.539600717839002 0.5862970783903096 0.5863284664258588
-1.25 -1.3471506281091268 0.22853909291528007 0.22855971387903
-1.25 -1.1547005383792515 0.1903024077866245 0.19031826122985046
-1.25 -0.9622504486493763 0.22843601725895823 0.2284556711378731
-1.25 -0.769800358919501 0.5861986547337831 0.5862288168872382
-1.25 -0.5773502691896257 0.6014634640825418 0.6014779856076493
-1.25 -0.3849001794597505 0.5862970783903099 0.5863284664258587
-1.25 -0.19245008972987526 0.22853909291528032 0.2285597138790301
-1.25 0.0 0.19030240778662447 0.19031826122985024
-1.25 0.19245008972987526 0.22843601725895835 0.22845567113787327
-1.25 0.3849001794597505 0.5861986547337834 0.5862288168872379
-1.25 0.5773502691896257 0.6014634640825416 0.6014779856076496
-1.25 0.769800358919501 0.5862970783903096 0.5863284664258586
-1.25 0.9622504486493763 0.22853909291528024 0.22855971387902987
-1.25 1.1547005383792515 0.1903024077866246 0.1903182612298505
-1.25 1.3471506281091268 0.22843601725895835 0.2284556711378729
-1.25 1.539600717839002 0.5861986547337836 0.5862288168872382
-1.25 1.7320508075688772 0.6014634640825413 0.6014779856076498
-1.25 1.9245008972987525 0.5862970783903096 0.5863284664258585
-1.25 2.116950987028628 0.22853909291528046 0.22855971387902982
-1.25 2.309401076758503 0.19030240778662477 0.19031826122985024
-1.1666666666666667 -2.309401076758503 0.20426244974451574 0.20428709196707484
-1.1666666666666667 -2.116950987028628 0.2633677160562488 0.2633943580156005
-1.1666666666666667 -1.9245008972987525 0.6057141156972793 0.605735487266514
-1.1666666666666667 -1.7320508075688772 0.611901869205901 0.6119179723025098
-1.1666666666666667 -1.539600717839002 0.6057454438391691 0.6057671971139825
-1.1666666666666667 -1.3471506281091268 0.2634665829981385 0.2634946997505691
-1.1666666666666667 -1.1547005383792515 0.20426244974451557 0.20428709196707465
-1.1666666666666667 -0.9622504486493763 0.2633677160562487 0.26339435801560057
-1.1666666666666667 -0.769800358919501 0.6057141156972792 0.6057354872665142
-1.1666666666666667 -0.5773502691896257 0.6119018692059011 0.6119179723025098
-1.1666666666666667 -0.3849001794597505 0.605745443839169 0.6057671971139829
-1.1666666666666667 -0.19245008972987526 0.26346658299813847 0.2634946997505692
-1.1666666666666667 0.0 0.2042624497445157 0.20428709196707492
-1.1666666666666667 0.19245008972987526 0.263367716056249 0.26339435801560057
-1.1666666666666667 0.3849001794597505 0.6057141156972791 0.6057354872665142
-1.1666666666666667 0.5773502691896257 0.6119018692059012 0.6119179723025095
-1.1666666666666667 0.769800358919501 0.6057454438391691 0.6057671971139826
-1.1666666666666667 0.9622504486493763 0.26346658299813847 0.26349469975056916
-1.1666666666666667 1.1547005383792515 0.2042624497445158 0.20428709196707484
-1.1666666666666667 1.3471506281091268 0.26336771605624876 0.26339435801560046
-1.1666666666666667 1.539600717839002 0.6057141156972788 0.6057354872665144
-1.1666666666666667 1.7320508075688772 0.6119018692059012 0.6119179723025095
-1.1666666666666667 1.9245008972987525 0.6057454438391686 0.6057671971139827
-1.1666666666666667 2.116950987028628 0.2634665829981385 0.2634946997505692
-1.1666666666666667 2.309401076758503 0.2042624497445158 0.2042870919670748
-1.0833333333333333 -2.309401076758503 0.22604002911909593 0.22605575742236889
-1.0833333333333333 -2.116950987028628 0.3341482888973025 0.33413925128786104
-1.0833333333333333 -1.9245008972987525 0.6122716755995468 0.6122919039168734
-1.0833333333333333 -1.7320508075688772 0.6153803950881034 0.615397118192448
-1.0833333333333333 -1.539600717839002 0.6122810951151305 0.6123000455131734
-1.0833333333333333 -1.3471506281091268 0.3341929484236533 0.33418482559733814
-1.0833333333333333 -1.1547005383792515 0.22604002911909593 0.22605575742236925
-1.0833333333333333 -0.9622504486493763 0.33414828889730247 0.33413925128786126
-1.0833333333333333 -0.769800358919501 0.6122716755995471 0.6122919039168734
-1.0833333333333333 -0.5773502691896257 0.6153803950881034 0.6153971181924484
-1.0833333333333333 -0.3849001794597505 0.6122810951151307 0.6123000455131734
-1.0833333333333333 -0.19245008972987526 0.3341929484236531 0.33418482559733803
-1.0833333333333333 0.0 0.22604002911909582 0.22605575742236922
-1.0833333333333333 0.19245008972987526 0.3341482888973027 0.3341392512878612
-1.0833333333333333 0.3849001794597505 0.6122716755995469 0.6122919039168732
-1.0833333333333333 0.5773502691896257 0.6153803950881032 0.6153971181924481
-1.0833333333333333 0.769800358919501 0.6122810951151306 0.6123000455131731
-1.0833333333333333 0.9622504486493763 0.3341929484236534 0.3341848255973378
-1.0833333333333333 1.1547005383792515 0.22604002911909568 0.2260557574223692
-1.0833333333333333 1.3471506281091268 0.33414828889730236 0.3341392512878611
-1.0833333333333333 1.539600717839002 0.6122716755995468 0.6122919039168724
-1.0833333333333333 1.7320508075688772 0.615380395088103 0.6153971181924482
-1.0833333333333333 1.9245008972987525 0.6122810951151304 0.6123000455131733
-1.0833333333333333 2.116950987028628 0.3341929484236534 0.3341848255973378
-1.0833333333333333 2.309401076758503 0.22604002911909551 0.22605575742236864
-1.0 -2.309401076758503 0.23623130507125015 0.23625146649541648
-1.0 -2.116950987028628 0.36224790584375127 0.3623200223025001
-1.0 -1.9245008972987525 0.6139653954437498 0.6139883985441656
-1.0 -1.7320508075688772 0.6166481382712499 0.6166663494787501
-1.0 -1.539600717839002 0.61396539544375 0.613988398544166
-1.0 -1.3471506281091268 0.36224790584375116 0.36232002230250016
-1.0 -1.1547005383792515 0.23623130507125015 0.23625146649541648
-1.0 -0.9622504486493763 0.3622479058437513 0.36232002230250004
-1.0 -0.769800358919501 0.6139653954437501 0.6139883985441654
-1.0 -0.5773502691896257 0.6166481382712499 0.6166663494787501
-1.0 -0.3849001794597505 0.6139653954437502 0.6139883985441658
-1.0 -0.19245008972987526 0.3622479058437511 0.36232002230250027
-1.0 0.0 0.23623130507125015 0.23625146649541648
-1.0 0.19245008972987526 0.3622479058437511 0.3623200223025004
-1.0 0.3849001794597505 0.6139653954437501 0.6139883985441656
-1.0 0.5773502691896257 0.6166481382712499 0.6166663494787501
-1.0 0.769800358919501 0.6139653954437501 0.6139883985441658
-1.0 0.9622504486493763 0.36224790584375116 0.3623200223025002
-1.0 1.1547005383792515 0.23623130507125015 0.23625146649541648
-1.0 1.3471506281091268 0.36224790584375116 0.3623200223025004
-1.0 1.539600717839002 0.6139653954437501 0.6139883985441658
-1.0 1.7320508075688772 0.6166481382712499 0.6166663494787501
-1.0 1.9245008972987525 0.6139653954437501 0.6139883985441656
-1.0 2.116950987028628 0.36224790584375116 0.36232002230250027
-1.0 2.309401076758503 0.23623130507125015 0.23625146649541648
-0.9166666666666666 -2.309401076758503 0.22604002911909557 0.22605575742236877
-0.9166666666666666 -2.116950987028628 0.3341929484236537 0.3341848255973378
-0.9166666666666666 -1.9245008972987525 0.6122810951151306 0.6123000455131732
-0.9166666666666666 -1.7320508075688772 0.6153803950881033 0.6153971181924484
-0.9166666666666666 -1.539600717839002 0.6122716755995466 0.6122919039168726
-0.9166666666666666 -1.3471506281091268 0.33414828889730264 0.3341392512878613
-0.9166666666666666 -1.1547005383792515 0.2260400291190958 0.22605575742236908
-0.9166666666666666 -0.9622504486493763 0.33419294842365327 0.3341848255973381
-0.9166666666666666 -0.769800358919501 0.6122810951151306 0.6123000455131732
-0.9166666666666666 -0.5773502691896257 0.6153803950881029 0.6153971181924484
-0.9166666666666666 -0.3849001794597505 0.6122716755995468 0.6122919039168728
-0.9166666666666666 -0.19245008972987526 0.3341482888973026 0.3341392512878613
-0.9166666666666666 0.0 0.22604002911909604 0.22605575742236933
-0.9166666666666666 0.19245008972987526 0.33419294842365316 0.334184825597338
-0.9166666666666666 0.3849001794597505 0.6122810951151304 0.6123000455131737
-0.9166666666666666 0.5773502691896257 0.6153803950881033 0.6153971181924481
-0.9166666666666666 0.769800358919501 0.612271675599547 0.6122919039168736
-0.9166666666666666 0.9622504486493763 0.33414828889730275 0.3341392512878612
-0.9166666666666666 1.1547005383792515 0.226040029119096 0.22605575742236922
-0.9166666666666666 1.3471506281091268 0.3341929484236531 0.33418482559733836
-0.9166666666666666 1.539600717839002 0.6122810951151304 0.6123000455131736
-0.9166666666666666 1.7320508075688772 0.6153803950881033 0.6153971181924482
-0.9166666666666666 1.9245008972987525 0.612271675599547 0.6122919039168735
-0.9166666666666666 2.116950987028628 0.3341482888973024 0.3341392512878611
-0.9166666666666666 2.309401076758503 0.22604002911909596 0.22605575742236908
-0.8333333333333334 -2.309401076758503 0.2042624497445159 0.204287091967075
-0.8333333333333334 -2.116950987028628 0.2634665829981387 0.2634946997505694
-0.8333333333333334 -1.9245008972987525 0.6057454438391687 0.6057671971139827
-0.8333333333333334 -1.7320508075688772 0.6119018692059012 0.6119179723025098
-0.8333333333333334 -1.539600717839002 0.6057141156972788 0.6057354872665145
-0.8333333333333334 -1.3471506281091268 0.263367716056249 0.26339435801560057
-0.8333333333333334 -1.1547005383792515 0.20426244974451577 0.20428709196707495
-0.8333333333333334 -0.9622504486493763 0.26346658299813863 0.26349469975056944
-0.8333333333333334 -0.769800358919501 0.6057454438391688 0.605767197113983
-0.8333333333333334 -0.5773502691896257 0.611901869205901 0.6119179723025097
-0.8333333333333334 -0.3849001794597505 0.6057141156972791 0.6057354872665146
-0.8333333333333334 -0.19245008972987526 0.2633677160562489 0.2633943580156006
-0.8333333333333334 0.0 0.20426244974451574 0.20428709196707498
-0.8333333333333334 0.19245008972987526 0.2634665829981385 0.26349469975056933
-0.8333333333333334 0.3849001794597505 0.6057454438391691 0.6057671971139829
-0.8333333333333334 0.5773502691896257 0.6119018692059012 0.61191797230251
-0.8333333333333334 0.769800358919501 0.6057141156972791 0.6057354872665143
-0.8333333333333334 0.9622504486493763 0.2633677160562489 0.2633943580156005
-0.8333333333333334 1.1547005383792515 0.20426244974451577 0.2042870919670748
-0.8333333333333334 1.3471506281091268 0.2634665829981385 0.2634946997505692
-0.8333333333333334 1.539600717839002 0.605745443839169 0.6057671971139829
-0.8333333333333334 1.7320508075688772 0.6119018692059006 0.6119179723025099
-0.8333333333333334 1.9245008972987525 0.6057141156972791 0.605735487266514
-0.8333333333333334 2.116950987028628 0.2633677160562489 0.26339435801560057
-0.8333333333333334 2.309401076758503 0.2042624497445159 0.20428709196707495
-0.75 -2.309401076758503 0.1903024077866247 0.19031826122985046
-0.75 -2.116950987028628 0.22853909291528018 0.22855971387902965
-0.75 -1.9245008972987525 0.5862970783903095 0.5863284664258585
-0.75 -1.7320508075688772 0.6014634640825416 0.6014779856076495
-0.75 -1.539600717839002 0.5861986547337836 0.5862288168872382
-0.75 -1.3471506281091268 0.22843601725895826 0.22845567113787296
-0.75 -1.1547005383792515 0.19030240778662444 0.19031826122985035
-0.75 -0.9622504486493763 0.22853909291528016 0.2285597138790298
-0.75 -0.769800358919501 0.5862970783903095 0.5863284664258587
-0.75 -0.5773502691896257 0.6014634640825417 0.6014779856076495
-0.75 -0.3849001794597505 0.5861986547337831 0.5862288168872382
-0.75 -0.19245008972987526 0.2284360172589582 0.22845567113787316
-0.75 0.0 0.19030240778662452 0.19031826122985024
-0.75 0.19245008972987526 0.2285390929152802 0.22855971387903004
-0.75 0.3849001794597505 0.5862970783903101 0.5863284664258588
-0.75 0.5773502691896257 0.6014634640825416 0.6014779856076493
-0.75 0.769800358919501 0.586198654733783 0.5862288168872382
-0.75 0.9622504486493763 0.22843601725895815 0.2284556711378731
-0.75 1.1547005383792515 0.19030240778662444 0.1903182612298505
-0.75 1.3471506281091268 0.22853909291528018 0.22855971387903
-0.75 1.539600717839002 0.5862970783903098 0.5863284664258589
-0.75 1.7320508075688772 0.601463464082542 0.6014779856076493
-0.75 1.9245008972987525 0.5861986547337831 0.5862288168872383
-0.75 2.116950987028628 0.22843601725895815 0.22845567113787324
-0.75 2.309401076758503 0.19030240778662433 0.19031826122985043
-0.6666666666666666 -2.309401076758503 0.18289372127937453 0.1829115580556245
-0.6666666666666666 -2.116950987028628 0.20574387446437475 0.20576590346479168
-0.6666666666666666 -1.9245008972987525 0.488835405039376 0.4888429490918758
-0.6666666666666666 -1.7320508075688772 0.5310106250043742 0.531051562547291
-0.6666666666666666 -1.539600717839002 0.48863549626437564 0.48864009624812477
-0.6666666666666666 -1.3471506281091268 0.20580092073937478 0.20582086350854129
-0.6666666666666666 -1.1547005383792515 0.18289372127937514 0.18291155805562503
-0.6666666666666666 -0.9622504486493763 0.20574387446437487 0.20576590346479162
-0.6666666666666666 -0.769800358919501 0.48883540503937617 0.48884294909187576
-0.6666666666666666 -0.5773502691896257 0.5310106250043745 0.5310515625472909
-0.6666666666666666 -0.3849001794597505 0.4886354962643755 0.4886400962481253
-0.6666666666666666 -0.19245008972987526 0.20580092073937492 0.20582086350854134
-0.6666666666666666 0.0 0.1828937212793749 0.18291155805562465
-0.6666666666666666 0.19245008972987526 0.20574387446437475 0.2057659034647916
-0.6666666666666666 0.3849001794597505 0.48883540503937606 0.4888429490918759
-0.6666666666666666 0.5773502691896257 0.5310106250043747 0.5310515625472909
-0.6666666666666666 0.769800358919501 0.48863549626437564 0.48864009624812554
-0.6666666666666666 0.9622504486493763 0.20580092073937498 0.20582086350854117
-0.6666666666666666 1.1547005383792515 0.18289372127937514 0.18291155805562492
-0.6666666666666666 1.3471506281091268 0.20574387446437473 0.20576590346479132
-0.6666666666666666 1.539600717839002 0.4888354050393762 0.4888429490918756
-0.6666666666666666 1.7320508075688772 0.5310106250043747 0.5310515625472909
-0.6666666666666666 1.9245008972987525 0.4886354962643753 0.4886400962481254
-0.6666666666666666 2.116950987028628 0.20580092073937511 0.20582086350854129
-0.6666666666666666 2.309401076758503 0.18289372127937478 0.18291155805562445
-0.5833333333333334 -2.309401076758503 0.18485933430652465 0.18486789478120952
-0.5833333333333334 -2.116950987028628 0.19569979927575515 0.1957152503722968
-0.5833333333333334 -1.9245008972987525 0.27656434301195715 0.27657125588897613
-0.5833333333333334 -1.7320508075688772 0.311527187957107 0.3115906158364741
-0.5833333333333334 -1.539600717839002 0.27645641494264683 0.27646424431416794
-0.5833333333333334 -1.3471506281091268 0.19587381659567685 0.19588850820931136
-0.5833333333333334 -1.1547005383792515 0.18485933430652454 0.18486789478120946
-0.5833333333333334 -0.9622504486493763 0.19569979927575518 0.19571525037229687
-0.5833333333333334 -0.769800358919501 0.276564343011957 0.27657125588897613
-0.5833333333333334 -0.5773502691896257 0.31152718795710677 0.31159061583647385
-0.5833333333333334 -0.3849001794597505 0.27645641494264644 0.2764642443141679
-0.5833333333333334 -0.19245008972987526 0.19587381659567704 0.19588850820931145
-0.5833333333333334 0.0 0.18485933430652465 0.18486789478120944
-0.5833333333333334 0.19245008972987526 0.19569979927575507 0.1957152503722967
-0.5833333333333334 0.3849001794597505 0.27656434301195704 0.27657125588897596
-0.5833333333333334 0.5773502691896257 0.31152718795710677 0.3115906158364737
-0.5833333333333334 0.769800358919501 0.2764564149426464 0.27646424431416805
-0.5833333333333334 0.9622504486493763 0.19587381659567688 0.19588850820931134
-0.5833333333333334 1.1547005383792515 0.18485933430652457 0.1848678947812094
-0.5833333333333334 1.3471506281091268 0.1956997992757551 0.19571525037229648
-0.5833333333333334 1.539600717839002 0.2765643430119574 0.27657125588897635
-0.5833333333333334 1.7320508075688772 0.31152718795710693 0.31159061583647363
-0.5833333333333334 1.9245008972987525 0.2764564149426465 0.27646424431416816
-0.5833333333333334 2.116950987028628 0.19587381659567707 0.1958885082093114
-0.5833333333333334 2.309401076758503 0.1848593343065247 0.18486789478120952
-0.5 -2.309401076758503 0.20569807225458311 0.20570072407041665
-0.5 -2.116950987028628 0.20518251903805507 0.2051914550334
-0.5 -1.9245008972987525 0.20518251903805498 0.20519145503339975
-0.5 -1.7320508075688772 0.20569807225458295 0.20570072407041648
-0.5 -1.539600717839002 0.20527237191611114 0.20528066622993327
-0.5 -1.3471506281091268 0.20527237191611114 0.20528066622993316
-0.5 -1.1547005383792515 0.2056980722545832 0.20570072407041667
-0.5 -0.9622504486493763 0.20518251903805498 0.20519145503339997
-0.5 -0.769800358919501 0.20518251903805493 0.20519145503339994
-0.5 -0.5773502691896257 0.20569807225458314 0.20570072407041662
-0.5 -0.3849001794597505 0.20527237191611114 0.20528066622993318
-0.5 -0.19245008972987526 0.20527237191611114 0.20528066622993316
-0.5 0.0 0.20569807225458314 0.20570072407041662
-0.5 0.19245008972987526 0.20518251903805498 0.20519145503340003
-0.5 0.3849001794597505 0.20518251903805482 0.20519145503339997
-0.5 0.5773502691896257 0.20569807225458317 0.20570072407041662
-0.5 0.769800358919501 0.20527237191611108 0.20528066622993305
-0.5 0.9622504486493763 0.20527237191611092 0.20528066622993313
-0.5 1.1547005383792515 0.20569807225458311 0.20570072407041667
-0.5 1.3471506281091268 0.20518251903805504 0.2051914550334
-0.5 1.539600717839002 0.20518251903805498 0.20519145503339997
-0.5 1.7320508075688772 0.20569807225458298 0.20570072407041648
-0.5 1.9245008972987525 0.2052723719161112 0.20528066622993316
-0.5 2.116950987028628 0.2052723719161112 0.20528066622993327
-0.5 2.309401076758503 0.20569807225458306 0.20570072407041654
-0.4166666666666667 -2.309401076758503 0.3115271879571067 0.31159061583647346
-0.4166666666666667 -2.116950987028628 0.2765643430119573 0.27657125588897613
-0.4166666666666667 -1.9245008972987525 0.19569979927575515 0.19571525037229648
-0.4166666666666667 -1.7320508075688772 0.18485933430652446 0.18486789478120927
-0.4166666666666667 -1.539600717839002 0.195873816595677 0.19588850820931134
-0.4166666666666667 -1.3471506281091268 0.2764564149426465 0.27646424431416816
-0.4166666666666667 -1.1547005383792515 0.3115271879571067 0.3115906158364737
-0.4166666666666667 -0.9622504486493763 0.2765643430119571 0.27657125588897585
-0.4166666666666667 -0.769800358919501 0.19569979927575515 0.19571525037229676
-0.4166666666666667 -0.5773502691896257 0.1848593343065246 0.18486789478120932
-0.4166666666666667 -0.3849001794597505 0.19587381659567696 0.19588850820931145
-0.4166666666666667 -0.19245008972987526 0.27645641494264644 0.276464244314168
-0.4166666666666667 0.0 0.3115271879571067 0.3115906158364739
-0.4166666666666667 0.19245008972987526 0.276564343011957 0.276571255888976
-0.4166666666666667 0.3849001794597505 0.19569979927575518 0.19571525037229676
-0.4166666666666667 0.5773502691896257 0.18485933430652457 0.18486789478120944
-0.4166666666666667 0.769800358919501 0.195873816595677 0.19588850820931142
-0.4166666666666667 0.9622504486493763 0.2764564149426465 0.27646424431416766
-0.4166666666666667 1.1547005383792515 0.31152718795710665 0.3115906158364738
-0.4166666666666667 1.3471506281091268 0.2765643430119573 0.27657125588897596
-0.4166666666666667 1.539600717839002 0.19569979927575512 0.19571525037229684
-0.4166666666666667 1.7320508075688772 0.18485933430652438 0.1848678947812093
-0.4166666666666667 1.9245008972987525 0.19587381659567682 0.1958885082093113
-0.4166666666666667 2.116950987028628 0.2764564149426465 0.2764642443141677
-0.4166666666666667 2.309401076758503 0.31152718795710693 0.3115906158364737
-0.3333333333333333 -2.309401076758503 0.5310106250043752 0.5310515625472915
-0.3333333333333333 -2.116950987028628 0.48883540503937645 0.48884294909187564
-0.3333333333333333 -1.9245008972987525 0.20574387446437487 0.20576590346479162
-0.3333333333333333 -1.7320508075688772 0.18289372127937528 0.18291155805562492
-0.3333333333333333 -1.539600717839002 0.20580092073937536 0.2058208635085415
-0.3333333333333333 -1.3471506281091268 0.4886354962643756 0.48864009624812554
-0.3333333333333333 -1.1547005383792515 0.5310106250043748 0.5310515625472909
-0.3333333333333333 -0.9622504486493763 0.48883540503937645 0.4888429490918758
-0.3333333333333333 -0.769800358919501 0.2057438744643749 0.20576590346479146
-0.3333333333333333 -0.5773502691896257 0.18289372127937492 0.18291155805562473
-0.3333333333333333 -0.3849001794597505 0.20580092073937503 0.20582086350854145
-0.3333333333333333 -0.19245008972987526 0.4886354962643759 0.4886400962481257
-0.3333333333333333 0.0 0.5310106250043749 0.5310515625472908
-0.3333333333333333 0.19245008972987526 0.4888354050393764 0.48884294909187614
-0.3333333333333333 0.3849001794597505 0.20574387446437478 0.20576590346479148
-0.3333333333333333 0.5773502691896257 0.18289372127937484 0.18291155805562484
-0.3333333333333333 0.769800358919501 0.205800920739375 0.20582086350854137
-0.3333333333333333 0.9622504486493763 0.48863549626437586 0.4886400962481254
-0.3333333333333333 1.1547005383792515 0.5310106250043746 0.531051562547291
-0.3333333333333333 1.3471506281091268 0.4888354050393764 0.48884294909187614
-0.3333333333333333 1.539600717839002 0.20574387446437514 0.2057659034647917
-0.3333333333333333 1.7320508075688772 0.18289372127937517 0.18291155805562512
-0.3333333333333333 1.9245008972987525 0.20580092073937503 0.20582086350854142
-0.3333333333333333 2.116950987028628 0.4886354962643761 0.4886400962481252
-0.3333333333333333 2.309401076758503 0.5310106250043751 0.5310515625472912
-0.25 -2.309401076758503 0.6014634640825419 0.6014779856076495
-0.25 -2.116950987028628 0.5862970783903096 0.5863284664258589
-0.25 -1.9245008972987525 0.22853909291528018 0.22855971387902996
-0.25 -1.7320508075688772 0.19030240778662438 0.1903182612298505
-0.25 -1.539600717839002 0.22843601725895826 0.22845567113787324
-0.25 -1.3471506281091268 0.5861986547337833 0.5862288168872382
-0.25 -1.1547005383792515 0.6014634640825419 0.6014779856076493
-0.25 -0.9622504486493763 0.58629707839031 0.5863284664258587
-0.25 -0.769800358919501 0.22853909291528027 0.22855971387903012
-0.25 -0.5773502691896257 0.19030240778662433 0.19031826122985038
-0.25 -0.3849001794597505 0.22843601725895812 0.22845567113787313
-0.25 -0.19245008972987526 0.5861986547337832 0.5862288168872383
-0.25 0.0 0.6014634640825417 0.6014779856076495
-0.25 0.19245008972987526 0.5862970783903101 0.5863284664258587
-0.25 0.3849001794597505 0.22853909291528024 0.22855971387903004
-0.25 0.5773502691896257 0.19030240778662447 0.1903182612298502
-0.25 0.769800358919501 0.22843601725895826 0.2284556711378732
-0.25 0.9622504486493763 0.5861986547337834 0.586228816887238
-0.25 1.1547005383792515 0.6014634640825417 0.6014779856076495
-0.25 1.3471506281091268 0.5862970783903094 0.5863284664258587
-0.25 1.539600717839002 0.22853909291528018 0.22855971387902985
-0.25 1.7320508075688772 0.19030240778662463 0.1903182612298503
-0.25 1.9245008972987525 0.22843601725895826 0.22845567113787293
-0.25 2.116950987028628 0.5861986547337836 0.586228816887238
-0.25 2.309401076758503 0.6014634640825417 0.60147798560765
-0.16666666666666666 -2.309401076758503 0.6119018692059006 0.6119179723025098
-0.16666666666666666 -2.116950987028628 0.6057454438391688 0.6057671971139827
-0.16666666666666666 -1.9245008972987525 0.26346658299813874 0.26349469975056944
-0.16666666666666666 -1.7320508075688772 0.20426244974451574 0.2042870919670748
-0.16666666666666666 -1.539600717839002 0.26336771605624876 0.26339435801560035
-0.16666666666666666 -1.3471506281091268 0.6057141156972793 0.6057354872665143
-0.16666666666666666 -1.1547005383792515 0.6119018692059008 0.61191797230251
-0.16666666666666666 -0.9622504486493763 0.6057454438391688 0.6057671971139827
-0.16666666666666666 -0.769800358919501 0.2634665829981385 0.26349469975056933
-0.16666666666666666 -0.5773502691896257 0.20426244974451577 0.20428709196707498
-0.16666666666666666 -0.3849001794597505 0.26336771605624887 0.2633943580156006
-0.16666666666666666 -0.19245008972987526 0.6057141156972791 0.6057354872665144
-0.16666666666666666 0.0 0.6119018692059012 0.6119179723025098
-0.16666666666666666 0.19245008972987526 0.605745443839169 0.6057671971139829
-0.16666666666666666 0.3849001794597505 0.2634665829981386 0.2634946997505695
-0.16666666666666666 0.5773502691896257 0.20426244974451582 0.20428709196707504
-0.16666666666666666 0.769800358919501 0.2633677160562489 0.2633943580156006
-0.16666666666666666 0.9622504486493763 0.6057141156972791 0.6057354872665145
-0.16666666666666666 1.1547005383792515 0.6119018692059012 0.6119179723025098
-0.16666666666666666 1.3471506281091268 0.6057454438391688 0.605767197113983
-0.16666666666666666 1.539600717839002 0.26346658299813847 0.26349469975056916
-0.16666666666666666 1.7320508075688772 0.2042624497445157 0.20428709196707495
-0.16666666666666666 1.9245008972987525 0.26336771605624915 0.26339435801560096
-0.16666666666666666 2.116950987028628 0.6057141156972788 0.6057354872665146
-0.16666666666666666 2.309401076758503 0.6119018692059011 0.6119179723025097
-0.08333333333333333 -2.309401076758503 0.6153803950881034 0.6153971181924482
-0.08333333333333333 -2.116950987028628 0.6122810951151305 0.6123000455131737
-0.08333333333333333 -1.9245008972987525 0.3341929484236533 0.3341848255973383
-0.08333333333333333 -1.7320508075688772 0.226040029119096 0.22605575742236922
-0.08333333333333333 -1.539600717839002 0.33414828889730264 0.33413925128786093
-0.08333333333333333 -1.3471506281091268 0.6122716755995471 0.6122919039168736
-0.08333333333333333 -1.1547005383792515 0.6153803950881032 0.6153971181924485
-0.08333333333333333 -0.9622504486493763 0.6122810951151307 0.6123000455131736
-0.08333333333333333 -0.769800358919501 0.33419294842365327 0.3341848255973382
-0.08333333333333333 -0.5773502691896257 0.226040029119096 0.22605575742236922
-0.08333333333333333 -0.3849001794597505 0.33414828889730264 0.33413925128786137
-0.08333333333333333 -0.19245008972987526 0.6122716755995469 0.6122919039168734
-0.08333333333333333 0.0 0.615380395088103 0.6153971181924484
-0.08333333333333333 0.19245008972987526 0.6122810951151304 0.6123000455131736
-0.08333333333333333 0.3849001794597505 0.33419294842365316 0.3341848255973381
-0.08333333333333333 0.5773502691896257 0.2260400291190958 0.22605575742236925
-0.08333333333333333 0.769800358919501 0.3341482888973026 0.3341392512878612
-0.08333333333333333 0.9622504486493763 0.6122716755995469 0.6122919039168732
-0.08333333333333333 1.1547005383792515 0.6153803950881032 0.6153971181924484
-0.08333333333333333 1.3471506281091268 0.6122810951151308 0.6123000455131735
-0.08333333333333333 1.539600717839002 0.33419294842365327 0.3341848255973379
-0.08333333333333333 1.7320508075688772 0.22604002911909582 0.22605575742236897
-0.08333333333333333 1.9245008972987525 0.3341482888973025 0.33413925128786104
-0.08333333333333333 2.116950987028628 0.6122716755995463 0.6122919039168727
-0.08333333333333333 2.309401076758503 0.6153803950881033 0.6153971181924485
0.0 -2.309401076758503 0.6166481382712499 0.6166663494787501
0.0 -2.116950987028628 0.61396539544375 0.613988398544166
0.0 -1.9245008972987525 0.36224790584375144 0.36232002230250027
0.0 -1.7320508075688772 0.23623130507125015 0.23625146649541648
0.0 -1.539600717839002 0.3622479058437511 0.3623200223025002
0.0 -1.3471506281091268 0.6139653954437503 0.6139883985441658
0.0 -1.1547005383792515 0.6166481382712499 0.6166663494787501
0.0 -0.9622504486493763 0.6139653954437502 0.6139883985441661
0.0 -0.769800358919501 0.36224790584375116 0.3623200223025005
0.0 -0.5773502691896257 0.23623130507125015 0.23625146649541648
0.0 -0.3849001794597505 0.36224790584375127 0.3623200223025003
0.0 -0.19245008972987526 0.6139653954437501 0.6139883985441655
0.0 0.0 0.6166481382712499 0.6166663494787501
0.0 0.19245008972987526 0.6139653954437501 0.6139883985441655
0.0 0.3849001794597505 0.36224790584375127 0.3623200223025003
0.0 0.5773502691896257 0.23623130507125015 0.23625146649541648
0.0 0.769800358919501 0.36224790584375116 0.3623200223025005
0.0 0.9622504486493763 0.6139653954437502 0.6139883985441661
0.0 1.1547005383792515 0.6166481382712499 0.6166663494787501
0.0 1.3471506281091268 0.6139653954437503 0.6139883985441658
0.0 1.539600717839002 0.3622479058437511 0.3623200223025002
0.0 1.7320508075688772 0.23623130507125015 0.23625146649541648
0.0 1.9245008972987525 0.36224790584375144 0.36232002230250027
0.0 2.116950987028628 0.61396539544375 0.613988398544166
0.0 2.309401076758503 0.6166481382712499 0.6166663494787501
0.08333333333333333 -2.309401076758503 0.6153803950881033 0.6153971181924485
0.08333333333333333 -2.116950987028628 0.6122716755995463 0.6122919039168727
0.08333333333333333 -1.9245008972987525 0.3341482888973025 0.33413925128786104
0.08333333333333333 -1.7320508075688772 0.22604002911909582 0.22605575742236897
0.08333333333333333 -1.539600717839002 0.33419294842365327 0.3341848255973379
0.08333333333333333 -1.3471506281091268 0.6122810951151308 0.6123000455131735
0.08333333333333333 -1.1547005383792515 0.6153803950881032 0.6153971181924484
0.08333333333333333 -0.9622504486493763 0.6122716755995469 0.6122919039168732
0.08333333333333333 -0.769800358919501 0.3341482888973026 0.3341392512878612
0.08333333333333333 -0.5773502691896257 0.2260400291190958 0.22605575742236925
0.08333333333333333 -0.3849001794597505 0.33419294842365316 0.3341848255973381
0.08333333333333333 -0.19245008972987526 0.6122810951151304 0.6123000455131736
0.08333333333333333 0.0 0.615380395088103 0.6153971181924484
0.08333333333333333 0.19245008972987526 0.6122716755995469 0.6122919039168734
0.08333333333333333 0.3849001794597505 0.33414828889730264 0.33413925128786137
0.08333333333333333 0.5773502691896257 0.226040029119096 0.22605575742236922
0.08333333333333333 0.769800358919501 0.33419294842365327 0.3341848255973382
0.08333333333333333 0.9622504486493763 0.6122810951151307 0.6123000455131736
0.08333333333333333 1.1547005383792515 0.6153803950881032 0.6153971181924485
0.08333333333333333 1.3471506281091268 0.6122716755995471 0.6122919039168736
0.08333333333333333 1.539600717839002 0.33414828889730264 0.33413925128786093
0.08333333333333333 1.7320508075688772 0.226040029119096 0.22605575742236922
0.08333333333333333 1.9245008972987525 0.3341929484236533 0.3341848255973383
0.08333333333333333 2.116950987028628 0.6122810951151305 0.6123000455131737
0.08333333333333333 2.309401076758503 0.6153803950881034 0.6153971181924482
0.16666666666666666 -2.309401076758503 0.6119018692059011 0.6119179723025097
0.16666666666666666 -2.116950987028628 0.6057141156972788 0.6057354872665146
0.16666666666666666 -1.9245008972987525 0.26336771605624915 0.26339435801560096
0.16666666666666666 -1.7320508075688772 0.2042624497445157 0.20428709196707495
0.16666666666666666 -1.539600717839002 0.26346658299813847 0.26349469975056916
0.16666666666666666 -1.3471506281091268 0.6057454438391688 0.605767197113983
0.16666666666666666 -1.1547005383792515 0.6119018692059012 0.6119179723025098
0.16666666666666666 -0.9622504486493763 0.6057141156972791 0.6057354872665145
0.16666666666666666 -0.769800358919501 0.2633677160562489 0.2633943580156006
0.16666666666666666 -0.5773502691896257 0.20426244974451582 0.20428709196707504
0.16666666666666666 -0.3849001794597505 0.2634665829981386 0.2634946997505695
0.16666666666666666 -0.19245008972987526 0.605745443839169 0.6057671971139829
0.16666666666666666 0.0 0.6119018692059012 0.6119179723025098
0.16666666666666666 0.19245008972987526 0.6057141156972791 0.6057354872665144
0.16666666666666666 0.3849001794597505 0.26336771605624887 0.2633943580156006
0.16666666666666666 0.5773502691896257 0.20426244974451577 0.20428709196707498
0.16666666666666666 0.769800358919501 0.2634665829981385 0.26349469975056933
0.16666666666666666 0.9622504486493763 0.6057454438391688 0.6057671971139827
0.16666666666666666 1.1547005383792515 0.6119018692059008 0.61191797230251
0.16666666666666666 1.3471506281091268 0.6057141156972793 0.6057354872665143
0.16666666666666666 1.539600717839002 0.26336771605624876 0.26339435801560035
0.16666666666666666 1.7320508075688772 0.20426244974451574 0.2042870919670748
0.16666666666666666 1.9245008972987525 0.26346658299813874 0.26349469975056944
0.16666666666666666 2.116950987028628 0.6057454438391688 0.6057671971139827
0.16666666666666666 2.309401076758503 0.6119018692059006 0.6119179723025098
0.25 -2.309401076758503 0.6014634640825417 0.60147798560765
0.25 -2.116950987028628 0.5861986547337836 0.586228816887238
0.25 -1.9245008972987525 0.22843601725895826 0.22845567113787293
0.25 -1.7320508075688772 0.19030240778662463 0.1903182612298503
0.25 -1.539600717839002 0.22853909291528018 0.22855971387902985
0.25 -1.3471506281091268 0.5862970783903094 0.5863284664258587
0.25 -1.1547005383792515 0.6014634640825417 0.6014779856076495
0.25 -0.9622504486493763 0.5861986547337834 0.586228816887238
0.25 -0.769800358919501 0.22843601725895826 0.2284556711378732
0.25 -0.5773502691896257 0.19030240778662447 0.1903182612298502
0.25 -0.3849001794597505 0.22853909291528024 0.22855971387903004
0.25 -0.19245008972987526 0.5862970783903101 0.5863284664258587
0.25 0.0 0.6014634640825417 0.6014779856076495
0.25 0.19245008972987526 0.5861986547337832 0.5862288168872383
0.25 0.3849001794597505 0.22843601725895812 0.22845567113787313
0.25 0.5773502691896257 0.19030240778662433 0.19031826122985038
0.25 0.769800358919501 0.22853909291528027 0.22855971387903012
0.25 0.9622504486493763 0.58629707839031 0.5863284664258587
0.25 1.1547005383792515 0.6014634640825419 0.6014779856076493
0.25 1.3471506281091268 0.5861986547337833 0.5862288168872382
0.25 1.539600717839002 0.22843601725895826 0.22845567113787324
0.25 1.7320508075688772 0.19030240778662438 0.1903182612298505
0.25 1.9245008972987525 0.22853909291528018 0.22855971387902996
0.25 2.116950987028628 0.5862970783903096 0.5863284664258589
0.25 2.309401076758503 0.6014634640825419 0.6014779856076495
0.3333333333333333 -2.309401076758503 0.5310106250043751 0.5310515625472912
0.3333333333333333 -2.116950987028628 0.4886354962643761 0.4886400962481252
0.3333333333333333 -1.9245008972987525 0.20580092073937503 0.20582086350854142
0.3333333333333333 -1.7320508075688772 0.18289372127937517 0.18291155805562512
0.3333333333333333 -1.539600717839002 0.20574387446437514 0.2057659034647917
0.3333333333333333 -1.3471506281091268 0.4888354050393764 0.48884294909187614
0.3333333333333333 -1.1547005383792515 0.5310106250043746 0.531051562547291
0.3333333333333333 -0.9622504486493763 0.48863549626437586 0.4886400962481254
0.3333333333333333 -0.769800358919501 0.205800920739375 0.20582086350854137
0.3333333333333333 -0.5773502691896257 0.18289372127937484 0.18291155805562484
0.3333333333333333 -0.3849001794597505 0.20574387446437478 0.20576590346479148
0.3333333333333333 -0.19245008972987526 0.4888354050393764 0.48884294909187614
0.3333333333333333 0.0 0.5310106250043749 0.5310515625472908
0.3333333333333333 0.19245008972987526 0.4886354962643759 0.4886400962481257
0.3333333333333333 0.3849001794597505 0.20580092073937503 0.20582086350854145
0.3333333333333333 0.5773502691896257 0.18289372127937492 0.18291155805562473
0.3333333333333333 0.769800358919501 0.2057438744643749 0.20576590346479146
0.3333333333333333 0.9622504486493763 0.48883540503937645 0.4888429490918758
0.3333333333333333 1.1547005383792515 0.5310106250043748 0.5310515625472909
0.3333333333333333 1.3471506281091268 0.4886354962643756 0.48864009624812554
0.3333333333333333 1.539600717839002 0.20580092073937536 0.2058208635085415
0.3333333333333333 1.7320508075688772 0.18289372127937528 0.18291155805562492
0.3333333333333333 1.9245008972987525 0.20574387446437487 0.20576590346479162
0.3333333333333333 2.116950987028628 0.48883540503937645 0.48884294909187564
0.3333333333333333 2.309401076758503 0.5310106250043752 0.5310515625472915
0.4166666666666667 -2.309401076758503 0.31152718795710693 0.3115906158364737
0.4166666666666667 -2.116950987028628 0.2764564149426465 0.2764642443141677
0.4166666666666667 -1.9245008972987525 0.19587381659567682 0.1958885082093113
0.4166666666666667 -1.7320508075688772 0.18485933430652438 0.1848678947812093
0.4166666666666667 -1.539600717839002 0.19569979927575512 0.19571525037229684
0.4166666666666667 -1.3471506281091268 0.2765643430119573 0.27657125588897596
0.4166666666666667 -1.1547005383792515 0.31152718795710665 0.3115906158364738
0.4166666666666667 -0.9622504486493763 0.2764564149426465 0.27646424431416766
0.4166666666666667 -0.769800358919501 0.195873816595677 0.19588850820931142
0.4166666666666667 -0.5773502691896257 0.18485933430652457 0.18486789478120944
0.4166666666666667 -0.3849001794597505 0.19569979927575518 0.19571525037229676
0.4166666666666667 -0.19245008972987526 0.276564343011957 0.276571255888976
0.4166666666666667 0.0 0.3115271879571067 0.3115906158364739
0.4166666666666667 0.19245008972987526 0.27645641494264644 0.276464244314168
0.4166666666666667 0.3849001794597505 0.19587381659567696 0.19588850820931145
0.4166666666666667 0.5773502691896257 0.1848593343065246 0.18486789478120932
0.4166666666666667 0.769800358919501 0.19569979927575515 0.19571525037229676
0.4166666666666667 0.9622504486493763 0.2765643430119571 0.27657125588897585
0.4166666666666667 1.1547005383792515 0.3115271879571067 0.3115906158364737
0.4166666666666667 1.3471506281091268 0.2764564149426465 0.27646424431416816
0.4166666666666667 1.539600717839002 0.195873816595677 0.19588850820931134
0.4166666666666667 1.7320508075688772 0.18485933430652446 0.18486789478120927
0.4166666666666667 1.9245008972987525 0.19569979927575515 0.19571525037229648
0.4166666666666667 2.116950987028628 0.2765643430119573 0.27657125588897613
0.4166666666666667 2.309401076758503 0.3115271879571067 0.31159061583647346
0.5 -2.309401076758503 0.20569807225458306 0.20570072407041654
0.5 -2.116950987028628 0.2052723719161112 0.20528066622993327
0.5 -1.9245008972987525 0.2052723719161112 0.20528066622993316
0.5 -1.7320508075688772 0.20569807225458298 0.20570072407041648
0.5 -1.539600717839002 0.20518251903805498 0.20519145503339997
0.5 -1.3471506281091268 0.20518251903805504 0.2051914550334
0.5 -1.1547005383792515 0.20569807225458311 0.20570072407041667
0.5 -0.9622504486493763 0.20527237191611092 0.20528066622993313
0.5 -0.769800358919501 0.20527237191611108 0.20528066622993305
0.5 -0.5773502691896257 0.20569807225458317 0.20570072407041662
0.5 -0.3849001794597505 0.20518251903805482 0.20519145503339997
0.5 -0.19245008972987526 0.20518251903805498 0.20519145503340003
0.5 0.0 0.20569807225458314 0.20570072407041662
0.5 0.19245008972987526 0.20527237191611114 0.20528066622993316
0.5 0.3849001794597505 0.20527237191611114 0.20528066622993318
0.5 0.5773502691896257 0.20569807225458314 0.20570072407041662
0.5 0.769800358919501 0.20518251903805493 0.20519145503339994
0.5 0.9622504486493763 0.20518251903805498 0.20519145503339997
0.5 1.1547005383792515 0.2056980722545832 0.20570072407041667
0.5 1.3471506281091268 0.20527237191611114 0.20528066622993316
0.5 1.539600717839002 0.20527237191611114 0.20528066622993327
0.5 1.7320508075688772 0.20569807225458295 0.20570072407041648
0.5 1.9245008972987525 0.20518251903805498 0.20519145503339975
0.5 2.116950987028628 0.20518251903805507 0.2051914550334
0.5 2.309401076758503 0.20569807225458311 0.20570072407041665
0.5833333333333334 -2.309401076758503 0.1848593343065247 0.18486789478120952
0.5833333333333334 -2.116950987028628 0.19587381659567707 0.1958885082093114
0.5833333333333334 -1.9245008972987525 0.2764564149426465 0.27646424431416816
0.5833333333333334 -1.7320508075688772 0.31152718795710693 0.31159061583647363
0.5833333333333334 -1.539600717839002 0.2765643430119574 0.27657125588897635
0.5833333333333334 -1.3471506281091268 0.1956997992757551 0.19571525037229648
0.5833333333333334 -1.1547005383792515 0.18485933430652457 0.1848678947812094
0.5833333333333334 -0.9622504486493763 0.19587381659567688 0.19588850820931134
0.5833333333333334 -0.769800358919501 0.2764564149426464 0.27646424431416805
0.5833333333333334 -0.5773502691896257 0.31152718795710677 0.3115906158364737
0.5833333333333334 -0.3849001794597505 0.27656434301195704 0.27657125588897596
0.5833333333333334 -0.19245008972987526 0.19569979927575507 0.1957152503722967
0.5833333333333334 0.0 0.18485933430652465 0.18486789478120944
0.5833333333333334 0.19245008972987526 0.19587381659567704 0.19588850820931145
0.5833333333333334 0.3849001794597505 0.27645641494264644 0.2764642443141679
0.5833333333333334 0.5773502691896257 0.31152718795710677 0.31159061583647385
0.5833333333333334 0.769800358919501 0.276564343011957 0.27657125588897613
0.5833333333333334 0.9622504486493763 0.19569979927575518 0.19571525037229687
0.5833333333333334 1.1547005383792515 0.18485933430652454 0.18486789478120946
0.5833333333333334 1.3471506281091268 0.19587381659567685 0.19588850820931136
0.5833333333333334 1.539600717839002 0.27645641494264683 0.27646424431416794
0.5833333333333334 1.7320508075688772 0.311527187957107 0.3115906158364741
0.5833333333333334 1.9245008972987525 0.27656434301195715 0.27657125588897613
0.5833333333333334 2.116950987028628 0.19569979927575515 0.1957152503722968
0.5833333333333334 2.309401076758503 0.18485933430652465 0.18486789478120952
0.6666666666666666 -2.309401076758503 0.18289372127937478 0.18291155805562445
0.6666666666666666 -2.116950987028628 0.20580092073937511 0.20582086350854129
0.6666666666666666 -1.9245008972987525 0.4886354962643753 0.4886400962481254
0.6666666666666666 -1.7320508075688772 0.5310106250043747 0.5310515625472909
0.6666666666666666 -1.539600717839002 0.4888354050393762 0.4888429490918756
0.6666666666666666 -1.3471506281091268 0.20574387446437473 0.20576590346479132
0.6666666666666666 -1.1547005383792515 0.18289372127937514 0.18291155805562492
0.6666666666666666 -0.9622504486493763 0.20580092073937498 0.20582086350854117
0.6666666666666666 -0.769800358919501 0.48863549626437564 0.48864009624812554
0.6666666666666666 -0.5773502691896257 0.5310106250043747 0.5310515625472909
0.6666666666666666 -0.3849001794597505 0.48883540503937606 0.4888429490918759
0.6666666666666666 -0.19245008972987526 0.20574387446437475 0.2057659034647916
0.6666666666666666 0.0 0.1828937212793749 0.18291155805562465
0.6666666666666666 0.19245008972987526 0.20580092073937492 0.20582086350854134
0.6666666666666666 0.3849001794597505 0.4886354962643755 0.4886400962481253
0.6666666666666666 0.5773502691896257 0.5310106250043745 0.5310515625472909
0.6666666666666666 0.769800358919501 0.48883540503937617 0.48884294909187576
0.6666666666666666 0.9622504486493763 0.20574387446437487 0.20576590346479162
0.6666666666666666 1.1547005383792515 0.18289372127937514 0.18291155805562503
0.6666666666666666 1.3471506281091268 0.20580092073937478 0.20582086350854129
0.6666666666666666 1.539600717839002 0.48863549626437564 0.48864009624812477
0.6666666666666666 1.7320508075688772 0.5310106250043742 0.531051562547291
0.6666666666666666 1.9245008972987525 0.488835405039376 0.4888429490918758
0.6666666666666666 2.116950987028628 0.20574387446437475 0.20576590346479168
0.6666666666666666 2.309401076758503 0.18289372127937453 0.1829115580556245
0.75 -2.309401076758503 0.19030240778662433 0.19031826122985043
0.75 -2.116950987028628 0.22843601725895815 0.22845567113787324
0.75 -1.9245008972987525 0.5861986547337831 0.5862288168872383
0.75 -1.7320508075688772 0.601463464082542 0.6014779856076493
0.75 -1.539600717839002 0.5862970783903098 0.5863284664258589
0.75 -1.3471506281091268 0.22853909291528018 0.22855971387903
0.75 -1.1547005383792515 0.19030240778662444 0.1903182612298505
0.75 -0.9622504486493763 0.22843601725895815 0.2284556711378731
0.75 -0.769800358919501 0.586198654733783 0.5862288168872382
0.75 -0.5773502691896257 0.6014634640825416 0.6014779856076493
0.75 -0.3849001794597505 0.5862970783903101 0.5863284664258588
0.75 -0.19245008972987526 0.2285390929152802 0.22855971387903004
0.75 0.0 0.19030240778662452 0.19031826122985024
0.75 0.19245008972987526 0.2284360172589582 0.22845567113787316
0.75 0.3849001794597505 0.5861986547337831 0.5862288168872382
0.75 0.5773502691896257 0.6014634640825417 0.6014779856076495
0.75 0.769800358919501 0.5862970783903095 0.5863284664258587
0.75 0.9622504486493763 0.22853909291528016 0.2285597138790298
0.75 1.1547005383792515 0.19030240778662444 0.19031826122985035
0.75 1.3471506281091268 0.22843601725895826 0.22845567113787296
0.75 1.539600717839002 0.5861986547337836 0.5862288168872382
0.75 1.7320508075688772 0.6014634640825416 0.6014779856076495
0.75 1.9245008972987525 0.5862970783903095 0.5863284664258585
0.75 2.116950987028628 0.22853909291528018 0.22855971387902965
0.75 2.309401076758503 0.1903024077866247 0.19031826122985046
0.8333333333333334 -2.309401076758503 0.2042624497445159 0.20428709196707495
0.8333333333333334 -2.116950987028628 0.2633677160562489 0.26339435801560057
0.8333333333333334 -1.9245008972987525 0.6057141156972791 0.605735487266514
0.8333333333333334 -1.7320508075688772 0.6119018692059006 0.6119179723025099
0.8333333333333334 -1.539600717839002 0.605745443839169 0.6057671971139829
0.8333333333333334 -1.3471506281091268 0.2634665829981385 0.2634946997505692
0.8333333333333334 -1.1547005383792515 0.20426244974451577 0.2042870919670748
0.8333333333333334 -0.9622504486493763 0.2633677160562489 0.2633943580156005
0.8333333333333334 -0.769800358919501 0.6057141156972791 0.6057354872665143
0.8333333333333334 -0.5773502691896257 0.6119018692059012 0.61191797230251
0.8333333333333334 -0.3849001794597505 0.6057454438391691 0.6057671971139829
0.8333333333333334 -0.19245008972987526 0.2634665829981385 0.26349469975056933
0.8333333333333334 0.0 0.20426244974451574 0.20428709196707498
0.8333333333333334 0.19245008972987526 0.2633677160562489 0.2633943580156006
0.8333333333333334 0.3849001794597505 0.6057141156972791 0.6057354872665146
0.8333333333333334 0.5773502691896257 0.611901869205901 0.6119179723025097
0.8333333333333334 0.769800358919501 0.6057454438391688 0.605767197113983
0.8333333333333334 0.9622504486493763 0.26346658299813863 0.26349469975056944
0.8333333333333334 1.1547005383792515 0.20426244974451577 0.20428709196707495
0.8333333333333334 1.3471506281091268 0.263367716056249 0.26339435801560057
0.8333333333333334 1.539600717839002 0.6057141156972788 0.6057354872665145
0.8333333333333334 1.7320508075688772 0.6119018692059012 0.6119179723025098
0.8333333333333334 1.9245008972987525 0.6057454438391687 0.6057671971139827
0.8333333333333334 2.116950987028628 0.2634665829981387 0.2634946997505694
0.8333333333333334 2.309401076758503 0.2042624497445159 0.204287091967075
0.9166666666666666 -2.309401076758503 0.22604002911909596 0.22605575742236908
0.9166666666666666 -2.116950987028628 0.3341482888973024 0.3341392512878611
0.9166666666666666 -1.9245008972987525 0.612271675599547 0.6122919039168735
0.9166666666666666 -1.7320508075688772 0.6153803950881033 0.6153971181924482
0.9166666666666666 -1.539600717839002 0.6122810951151304 0.6123000455131736
0.9166666666666666 -1.3471506281091268 0.3341929484236531 0.33418482559733836
0.9166666666666666 -1.1547005383792515 0.226040029119096 0.22605575742236922
0.9166666666666666 -0.9622504486493763 0.33414828889730275 0.3341392512878612
0.9166666666666666 -0.769800358919501 0.612271675599547 0.6122919039168736
0.9166666666666666 -0.5773502691896257 0.6153803950881033 0.6153971181924481
0.9166666666666666 -0.3849001794597505 0.6122810951151304 0.6123000455131737
0.9166666666666666 -0.19245008972987526 0.33419294842365316 0.334184825597338
0.9166666666666666 0.0 0.22604002911909604 0.22605575742236933
0.9166666666666666 0.19245008972987526 0.3341482888973026 0.3341392512878613
0.9166666666666666 0.3849001794597505 0.6122716755995468 0.6122919039168728
0.9166666666666666 0.5773502691896257 0.6153803950881029 0.6153971181924484
0.9166666666666666 0.769800358919501 0.6122810951151306 0.6123000455131732
0.9166666666666666 0.9622504486493763 0.33419294842365327 0.3341848255973381
0.9166666666666666 1.1547005383792515 0.2260400291190958 0.22605575742236908
0.9166666666666666 1.3471506281091268 0.33414828889730264 0.3341392512878613
0.9166666666666666 1.539600717839002 0.6122716755995466 0.6122919039168726
0.9166666666666666 1.7320508075688772 0.6153803950881033 0.6153971181924484
0.9166666666666666 1.9245008972987525 0.6122810951151306 0.6123000455131732
0.9166666666666666 2.116950987028628 0.3341929484236537 0.3341848255973378
0.9166666666666666 2.309401076758503 0.22604002911909557 0.22605575742236877
1.0 -2.309401076758503 0.23623130507125015 0.23625146649541648
1.0 -2.116950987028628 0.36224790584375116 0.36232002230250027
1.0 -1.9245008972987525 0.6139653954437501 0.6139883985441656
1.0 -1.7320508075688772 0.6166481382712499 0.6166663494787501
1.0 -1.539600717839002 0.6139653954437501 0.6139883985441658
1.0 -1.3471506281091268 0.36224790584375116 0.3623200223025004
1.0 -1.1547005383792515 0.23623130507125015 0.23625146649541648
1.0 -0.9622504486493763 0.36224790584375116 0.3623200223025002
1.0 -0.769800358919501 0.6139653954437501 0.6139883985441658
1.0 -0.5773502691896257 0.6166481382712499 0.6166663494787501
1.0 -0.3849001794597505 0.6139653954437501 0.6139883985441656
1.0 -0.19245008972987526 0.3622479058437511 0.3623200223025004
1.0 0.0 0.23623130507125015 0.23625146649541648
1.0 0.19245008972987526 0.3622479058437511 0.36232002230250027
1.0 0.3849001794597505 0.6139653954437502 0.6139883985441658
1.0 0.5773502691896257 0.6166481382712499 0.6166663494787501
1.0 0.769800358919501 0.6139653954437501 0.6139883985441654
1.0 0.9622504486493763 0.3622479058437513 0.36232002230250004
1.0 1.1547005383792515 0.23623130507125015 0.23625146649541648
1.0 1.3471506281091268 0.36224790584375116 0.36232002230250016
1.0 1.539600717839002 0.61396539544375 0.613988398544166
1.0 1.7320508075688772 0.6166481382712499 0.6166663494787501
1.0 1.9245008972987525 0.6139653954437498 0.6139883985441656
1.0 2.116950987028628 0.36224790584375127 0.3623200223025001
1.0 2.309401076758503 0.23623130507125015 0.23625146649541648
1.0833333333333333 -2.309401076758503 0.22604002911909551 0.22605575742236864
1.0833333333333333 -2.116950987028628 0.3341929484236534 0.3341848255973378
1.0833333333333333 -1.9245008972987525 0.6122810951151304 0.6123000455131733
1.0833333333333333 -1.7320508075688772 0.615380395088103 0.6153971181924482
1.0833333333333333 -1.539600717839002 0.6122716755995468 0.6122919039168724
1.0833333333333333 -1.3471506281091268 0.33414828889730236 0.3341392512878611
1.0833333333333333 -1.1547005383792515 0.22604002911909568 0.2260557574223692
1.0833333333333333 -0.9622504486493763 0.3341929484236534 0.3341848255973378
1.0833333333333333 -0.769800358919501 0.6122810951151306 0.6123000455131731
1.0833333333333333 -0.5773502691896257 0.6153803950881032 0.6153971181924481
1.0833333333333333 -0.3849001794597505 0.6122716755995469 0.6122919039168732
1.0833333333333333 -0.19245008972987526 0.3341482888973027 0.3341392512878612
1.0833333333333333 0.0 0.22604002911909582 0.22605575742236922
1.0833333333333333 0.19245008972987526 0.3341929484236531 0.33418482559733803
1.0833333333333333 0.3849001794597505 0.6122810951151307 0.6123000455131734
1.0833333333333333 0.5773502691896257 0.6153803950881034 0.6153971181924484
1.0833333333333333 0.769800358919501 0.6122716755995471 0.6122919039168734
1.0833333333333333 0.9622504486493763 0.33414828889730247 0.33413925128786126
1.0833333333333333 1.1547005383792515 0.22604002911909593 0.22605575742236925
1.0833333333333333 1.3471506281091268 0.3341929484236533 0.33418482559733814
1.0833333333333333 1.539600717839002 0.6122810951151305 0.6123000455131734
1.0833333333333333 1.7320508075688772 0.6153803950881034 0.615397118192448
1.0833333333333333 1.9245008972987525 0.6122716755995468 0.6122919039168734
1.0833333333333333 2.116950987028628 0.3341482888973025 0.33413925128786104
1.0833333333333333 2.309401076758503 0.22604002911909593 0.22605575742236889
1.1666666666666667 -2.309401076758503 0.2042624497445158 0.2042870919670748
1.1666666666666667 -2.116950987028628 0.2634665829981385 0.2634946997505692
1.1666666666666667 -1.9245008972987525 0.6057454438391686 0.6057671971139827
1.1666666666666667 -1.7320508075688772 0.6119018692059012 0.6119179723025095
1.1666666666666667 -1.539600717839002 0.6057141156972788 0.6057354872665144
1.1666666666666667 -1.3471506281091268 0.26336771605624876 0.26339435801560046
1.1666666666666667 -1.1547005383792515 0.2042624497445158 0.20428709196707484
1.1666666666666667 -0.9622504486493763 0.26346658299813847 0.26349469975056916
1.1666666666666667 -0.769800358919501 0.6057454438391691 0.6057671971139826
1.1666666666666667 -0.5773502691896257 0.6119018692059012 0.6119179723025095
1.1666666666666667 -0.3849001794597505 0.6057141156972791 0.6057354872665142
1.1666666666666667 -0.19245008972987526 0.263367716056249 0.26339435801560057
1.1666666666666667 0.0 0.2042624497445157 0.20428709196707492
1.1666666666666667 0.19245008972987526 0.26346658299813847 0.2634946997505692
1.1666666666666667 0.3849001794597505 0.605745443839169 0.6057671971139829
1.1666666666666667 0.5773502691896257 0.6119018692059011 0.6119179723025098
1.1666666666666667 0.769800358919501 0.6057141156972792 0.6057354872665142
1.1666666666666667 0.9622504486493763 0.2633677160562487 0.26339435801560057
1.1666666666666667 1.1547005383792515 0.20426244974451557 0.20428709196707465
1.1666666666666667 1.3471506281091268 0.2634665829981385 0.2634946997505691
1.1666666666666667 1.539600717839002 0.6057454438391691 0.6057671971139825
1.1666666666666667 1.7320508075688772 0.611901869205901 0.6119179723025098
1.1666666666666667 1.9245008972987525 0.6057141156972793 0.605735487266514
1.1666666666666667 2.116950987028628 0.2633677160562488 0.2633943580156005
1.1666666666666667 2.309401076758503 0.20426244974451574 0.20428709196707484
1.25 -2.309401076758503 0.19030240778662477 0.19031826122985024
1.25 -2.116950987028628 0.22853909291528046 0.22855971387902982
1.25 -1.9245008972987525 0.5862970783903096 0.5863284664258585
1.25 -1.7320508075688772 0.6014634640825413 0.6014779856076498
1.25 -1.539600717839002 0.5861986547337836 0.5862288168872382
1.25 -1.3471506281091268 0.22843601725895835 0.2284556711378729
1.25 -1.1547005383792515 0.1903024077866246 0.1903182612298505
1.25 -0.9622504486493763 0.22853909291528024 0.22855971387902987
1.25 -0.769800358919501 0.5862970783903096 0.5863284664258586
1.25 -0.5773502691896257 0.6014634640825416 0.6014779856076496
1.25 -0.3849001794597505 0.5861986547337834 0.5862288168872379
1.25 -0.19245008972987526 0.22843601725895835 0.22845567113787327
1.25 0.0 0.19030240778662447 0.19031826122985024
1.25 0.19245008972987526 0.22853909291528032 0.2285597138790301
1.25 0.3849001794597505 0.5862970783903099 0.5863284664258587
1.25 0.5773502691896257 0.6014634640825418 0.6014779856076493
1.25 0.769800358919501 0.5861986547337831 0.5862288168872382
1.25 0.9622504486493763 0.22843601725895823 0.2284556711378731
1.25 1.1547005383792515 0.1903024077866245 0.19031826122985046
1.25 1.3471506281091268 0.22853909291528007 0.22855971387903
1.25 1.539600717839002 0.5862970783903096 0.5863284664258588
1.25 1.7320508075688772 0.6014634640825417 0.6014779856076493
1.25 1.9245008972987525 0.5861986547337831 0.5862288168872382
1.25 2.116950987028628 0.22843601725895843 0.22845567113787338
1.25 2.309401076758503 0.1903024077866244 0.19031826122985046
1.3333333333333333 -2.309401076758503 0.1828937212793748 0.18291155805562467
1.3333333333333333 -2.116950987028628 0.20574387446437511 0.2057659034647919
1.3333333333333333 -1.9245008972987525 0.4888354050393764 0.4888429490918763
1.3333333333333333 -1.7320508075688772 0.5310106250043747 0.531051562547291
1.3333333333333333 -1.539600717839002 0.4886354962643761 0.48864009624812554
1.3333333333333333 -1.3471506281091268 0.20580092073937498 0.20582086350854137
1.3333333333333333 -1.1547005383792515 0.18289372127937495 0.18291155805562515
1.3333333333333333 -0.9622504486493763 0.20574387446437487 0.20576590346479154
1.3333333333333333 -0.769800358919501 0.4888354050393765 0.4888429490918762
1.3333333333333333 -0.5773502691896257 0.5310106250043751 0.5310515625472915
1.3333333333333333 -0.3849001794597505 0.48863549626437613 0.48864009624812577
1.3333333333333333 -0.19245008972987526 0.20580092073937506 0.20582086350854162
1.3333333333333333 0.0 0.18289372127937492 0.18291155805562484
1.3333333333333333 0.19245008972987526 0.20574387446437492 0.20576590346479154
1.3333333333333333 0.3849001794597505 0.4888354050393766 0.4888429490918762
1.3333333333333333 0.5773502691896257 0.5310106250043751 0.5310515625472914
1.3333333333333333 0.769800358919501 0.48863549626437625 0.4886400962481257
1.3333333333333333 0.9622504486493763 0.2058009207393753 0.20582086350854156
1.3333333333333333 1.1547005383792515 0.182893721279375 0.18291155805562495
1.3333333333333333 1.3471506281091268 0.20574387446437475 0.20576590346479157
1.3333333333333333 1.539600717839002 0.4888354050393766 0.488842949091876
1.3333333333333333 1.7320508075688772 0.5310106250043751 0.5310515625472912
1.3333333333333333 1.9245008972987525 0.4886354962643763 0.48864009624812565
1.3333333333333333 2.116950987028628 0.20580092073937536 0.20582086350854173
1.3333333333333333 2.309401076758503 0.1828937212793748 0.18291155805562476
1.4166666666666667 -2.309401076758503 0.18485933430652476 0.18486789478120977
1.4166666666666667 -2.116950987028628 0.19569979927575504 0.19571525037229678
1.4166666666666667 -1.9245008972987525 0.27656434301195737 0.27657125588897585
1.4166666666666667 -1.7320508075688772 0.31152718795710693 0.31159061583647396
1.4166666666666667 -1.539600717839002 0.2764564149426466 0.27646424431416766
1.4166666666666667 -1.3471506281091268 0.1958738165956769 0.1958885082093113
1.4166666666666667 -1.1547005383792515 0.18485933430652457 0.18486789478120932
1.4166666666666667 -0.9622504486493763 0.19569979927575515 0.1957152503722968
1.4166666666666667 -0.769800358919501 0.276564343011957 0.27657125588897613
1.4166666666666667 -0.5773502691896257 0.3115271879571066 0.3115906158364737
1.4166666666666667 -0.3849001794597505 0.2764564149426465 0.27646424431416794
1.4166666666666667 -0.19245008972987526 0.19587381659567707 0.19588850820931134
1.4166666666666667 0.0 0.18485933430652468 0.18486789478120944
1.4166666666666667 0.19245008972987526 0.19569979927575523 0.19571525037229667
1.4166666666666667 0.3849001794597505 0.27656434301195715 0.27657125588897585
1.4166666666666667 0.5773502691896257 0.3115271879571066 0.3115906158364736
1.4166666666666667 0.769800358919501 0.2764564149426465 0.276464244314168
1.4166666666666667 0.9622504486493763 0.195873816595677 0.1958885082093114
1.4166666666666667 1.1547005383792515 0.18485933430652451 0.18486789478120927
1.4166666666666667 1.3471506281091268 0.1956997992757551 0.19571525037229648
1.4166666666666667 1.539600717839002 0.27656434301195737 0.27657125588897613
1.4166666666666667 1.7320508075688772 0.3115271879571068 0.31159061583647385
1.4166666666666667 1.9245008972987525 0.2764564149426466 0.27646424431416794
1.4166666666666667 2.116950987028628 0.19587381659567688 0.19588850820931136
1.4166666666666667 2.309401076758503 0.18485933430652476 0.18486789478120969
1.5 -2.309401076758503 0.20569807225458298 0.20570072407041648
1.5 -2.116950987028628 0.20518251903805518 0.20519145503339992
1.5 -1.9245008972987525 0.20518251903805482 0.20519145503339975
1.5 -1.7320508075688772 0.20569807225458298 0.20570072407041637
1.5 -1.539600717839002 0.20527237191611108 0.20528066622993327
1.5 -1.3471506281091268 0.20527237191611117 0.20528066622993302
1.5 -1.1547005383792515 0.20569807225458292 0.20570072407041637
1.5 -0.9622504486493763 0.205182519038055 0.20519145503339992
1.5 -0.769800358919501 0.2051825190380549 0.2051914550333999
1.5 -0.5773502691896257 0.20569807225458311 0.20570072407041656
1.5 -0.3849001794597505 0.20527237191611117 0.20528066622993318
1.5 -0.19245008972987526 0.2052723719161111 0.20528066622993305
1.5 0.0 0.20569807225458314 0.20570072407041662
1.5 0.19245008972987526 0.20518251903805487 0.20519145503339994
1.5 0.3849001794597505 0.20518251903805496 0.20519145503340003
1.5 0.5773502691896257 0.20569807225458311 0.20570072407041656
1.5 0.769800358919501 0.20527237191611108 0.20528066622993316
1.5 0.9622504486493763 0.205272371916111 0.20528066622993313
1.5 1.1547005383792515 0.20569807225458292 0.20570072407041626
1.5 1.3471506281091268 0.205182519038055 0.2051914550333998
1.5 1.539600717839002 0.20518251903805507 0.20519145503339992
1.5 1.7320508075688772 0.20569807225458295 0.20570072407041642
1.5 1.9245008972987525 0.20527237191611114 0.20528066622993318
1.5 2.116950987028628 0.20527237191611125 0.20528066622993338
1.5 2.309401076758503 0.20569807225458284 0.20570072407041637
1.5833333333333333 -2.309401076758503 0.3115271879571061 0.3115906158364729
1.5833333333333333 -2.116950987028628 0.27656434301195715 0.27657125588897613
1.5833333333333333 -1.9245008972987525 0.1956997992757554 0.1957152503722964
1.5833333333333333 -1.7320508075688772 0.18485933430652454 0.18486789478120913
1.5833333333333333 -1.539600717839002 0.1958738165956769 0.19588850820931114
1.5833333333333333 -1.3471506281091268 0.2764564149426464 0.27646424431416766
1.5833333333333333 -1.1547005383792515 0.3115271879571065 0.3115906158364735
1.5833333333333333 -0.9622504486493763 0.27656434301195704 0.27657125588897574
1.5833333333333333 -0.769800358919501 0.19569979927575534 0.19571525037229673
1.5833333333333333 -0.5773502691896257 0.18485933430652465 0.18486789478120952
1.5833333333333333 -0.3849001794597505 0.1958738165956771 0.1958885082093114
1.5833333333333333 -0.19245008972987526 0.27645641494264633 0.2764642443141676
1.5833333333333333 0.0 0.3115271879571067 0.31159061583647346
1.5833333333333333 0.19245008972987526 0.2765643430119568 0.2765712558889757
1.5833333333333333 0.3849001794597505 0.19569979927575523 0.1957152503722967
1.5833333333333333 0.5773502691896257 0.18485933430652476 0.1848678947812096
1.5833333333333333 0.769800358919501 0.19587381659567712 0.1958885082093115
1.5833333333333333 0.9622504486493763 0.2764564149426464 0.2764642443141675
1.5833333333333333 1.1547005383792515 0.31152718795710654 0.31159061583647363
1.5833333333333333 1.3471506281091268 0.2765643430119572 0.2765712558889757
1.5833333333333333 1.539600717839002 0.19569979927575498 0.1957152503722967
1.5833333333333333 1.7320508075688772 0.1848593343065245 0.1848678947812092
1.5833333333333333 1.9245008972987525 0.19587381659567693 0.19588850820931128
1.5833333333333333 2.116950987028628 0.2764564149426463 0.2764642443141676
1.5833333333333333 2.309401076758503 0.3115271879571062 0.31159061583647313
1.6666666666666667 -2.309401076758503 0.5310106250043748 0.5310515625472917
1.6666666666666667 -2.116950987028628 0.48883540503937656 0.48884294909187564
1.6666666666666667 -1.9245008972987525 0.20574387446437473 0.20576590346479146
1.6666666666666667 -1.7320508075688772 0.18289372127937528 0.18291155805562495
1.6666666666666667 -1.539600717839002 0.2058009207393755 0.20582086350854137
1.6666666666666667 -1.3471506281091268 0.4886354962643755 0.48864009624812554
1.6666666666666667 -1.1547005383792515 0.5310106250043749 0.531051562547291
1.6666666666666667 -0.9622504486493763 0.48883540503937656 0.4888429490918758
1.6666666666666667 -0.769800358919501 0.205743874464375 0.20576590346479146
1.6666666666666667 -0.5773502691896257 0.18289372127937503 0.18291155805562478
1.6666666666666667 -0.3849001794597505 0.20580092073937517 0.2058208635085414
1.6666666666666667 -0.19245008972987526 0.48863549626437597 0.4886400962481256
1.6666666666666667 0.0 0.5310106250043747 0.5310515625472908
1.6666666666666667 0.19245008972987526 0.4888354050393765 0.48884294909187603
1.6666666666666667 0.3849001794597505 0.2057438744643748 0.20576590346479137
1.6666666666666667 0.5773502691896257 0.18289372127937484 0.1829115580556249
1.6666666666666667 0.769800358919501 0.20580092073937523 0.20582086350854154
1.6666666666666667 0.9622504486493763 0.48863549626437586 0.48864009624812543
1.6666666666666667 1.1547005383792515 0.5310106250043749 0.5310515625472911
1.6666666666666667 1.3471506281091268 0.48883540503937634 0.4888429490918762
1.6666666666666667 1.539600717839002 0.20574387446437495 0.20576590346479162
1.6666666666666667 1.7320508075688772 0.18289372127937514 0.18291155805562492
1.6666666666666667 1.9245008972987525 0.20580092073937495 0.20582086350854117
1.6666666666666667 2.116950987028628 0.4886354962643761 0.4886400962481251
1.6666666666666667 2.309401076758503 0.5310106250043749 0.5310515625472911
1.75 -2.309401076758503 0.6014634640825423 0.6014779856076493
1.75 -2.116950987028628 0.5862970783903095 0.5863284664258588
1.75 -1.9245008972987525 0.22853909291528007 0.22855971387902996
1.75 -1.7320508075688772 0.19030240778662427 0.19031826122985043
1.75 -1.539600717839002 0.22843601725895812 0.22845567113787318
1.75 -1.3471506281091268 0.5861986547337832 0.5862288168872385
1.75 -1.1547005383792515 0.6014634640825419 0.6014779856076495
1.75 -0.9622504486493763 0.5862970783903098 0.5863284664258588
1.75 -0.769800358919501 0.22853909291528032 0.22855971387903012
1.75 -0.5773502691896257 0.19030240778662452 0.1903182612298504
1.75 -0.3849001794597505 0.2284360172589582 0.22845567113787316
1.75 -0.19245008972987526 0.5861986547337832 0.586228816887238
1.75 0.0 0.6014634640825417 0.6014779856076495
1.75 0.19245008972987526 0.5862970783903099 0.5863284664258586
1.75 0.3849001794597505 0.22853909291528013 0.22855971387902996
1.75 0.5773502691896257 0.19030240778662458 0.19031826122985038
1.75 0.769800358919501 0.22843601725895826 0.2284556711378732
1.75 0.9622504486493763 0.5861986547337835 0.5862288168872383
1.75 1.1547005383792515 0.6014634640825416 0.6014779856076495
1.75 1.3471506281091268 0.5862970783903094 0.5863284664258587
1.75 1.539600717839002 0.2285390929152802 0.2285597138790297
1.75 1.7320508075688772 0.19030240778662463 0.19031826122985046
1.75 1.9245008972987525 0.22843601725895815 0.2284556711378727
1.75 2.116950987028628 0.5861986547337832 0.5862288168872378
1.75 2.309401076758503 0.6014634640825417 0.6014779856076498
1.8333333333333333 -2.309401076758503 0.6119018692059007 0.6119179723025093
1.8333333333333333 -2.116950987028628 0.6057454438391691 0.6057671971139821
1.8333333333333333 -1.9245008972987525 0.2634665829981385 0.26349469975056916
1.8333333333333333 -1.7320508075688772 0.20426244974451555 0.20428709196707484
1.8333333333333333 -1.539600717839002 0.2633677160562486 0.26339435801560035
1.8333333333333333 -1.3471506281091268 0.6057141156972793 0.605735487266514
1.8333333333333333 -1.1547005383792515 0.6119018692059011 0.6119179723025095
1.8333333333333333 -0.9622504486493763 0.6057454438391691 0.6057671971139822
1.8333333333333333 -0.769800358919501 0.26346658299813835 0.2634946997505692
1.8333333333333333 -0.5773502691896257 0.20426244974451563 0.20428709196707484
1.8333333333333333 -0.3849001794597505 0.2633677160562487 0.26339435801560057
1.8333333333333333 -0.19245008972987526 0.6057141156972793 0.6057354872665138
1.8333333333333333 0.0 0.6119018692059012 0.6119179723025093
1.8333333333333333 0.19245008972987526 0.6057454438391688 0.6057671971139826
1.8333333333333333 0.3849001794597505 0.2634665829981383 0.26349469975056933
1.8333333333333333 0.5773502691896257 0.20426244974451563 0.20428709196707487
1.8333333333333333 0.769800358919501 0.26336771605624876 0.2633943580156005
1.8333333333333333 0.9622504486493763 0.605714115697279 0.6057354872665139
1.8333333333333333 1.1547005383792515 0.6119018692059014 0.6119179723025093
1.8333333333333333 1.3471506281091268 0.6057454438391688 0.6057671971139825
1.8333333333333333 1.539600717839002 0.26346658299813824 0.2634946997505692
1.8333333333333333 1.7320508075688772 0.20426244974451552 0.20428709196707484
1.8333333333333333 1.9245008972987525 0.263367716056249 0.26339435801560074
1.8333333333333333 2.116950987028628 0.6057141156972792 0.6057354872665142
1.8333333333333333 2.309401076758503 0.6119018692059012 0.6119179723025093
1.9166666666666667 -2.309401076758503 0.6153803950881036 0.6153971181924486
1.9166666666666667 -2.116950987028628 0.6122810951151308 0.6123000455131735
1.9166666666666667 -1.9245008972987525 0.3341929484236534 0.3341848255973385
1.9166666666666667 -1.7320508075688772 0.22604002911909613 0.22605575742236908
1.9166666666666667 -1.539600717839002 0.3341482888973026 0.33413925128786076
1.9166666666666667 -1.3471506281091268 0.6122716755995471 0.6122919039168734
1.9166666666666667 -1.1547005383792515 0.6153803950881035 0.6153971181924484
1.9166666666666667 -0.9622504486493763 0.612281095115131 0.6123000455131736
1.9166666666666667 -0.769800358919501 0.3341929484236534 0.3341848255973383
1.9166666666666667 -0.5773502691896257 0.22604002911909585 0.22605575742236914
1.9166666666666667 -0.3849001794597505 0.3341482888973025 0.3341392512878612
1.9166666666666667 -0.19245008972987526 0.6122716755995469 0.6122919039168734
1.9166666666666667 0.0 0.6153803950881033 0.6153971181924485
1.9166666666666667 0.19245008972987526 0.6122810951151306 0.6123000455131736
1.9166666666666667 0.3849001794597505 0.3341929484236531 0.33418482559733803
1.9166666666666667 0.5773502691896257 0.22604002911909574 0.22605575742236922
1.9166666666666667 0.769800358919501 0.3341482888973028 0.33413925128786126
1.9166666666666667 0.9622504486493763 0.612271675599547 0.6122919039168733
1.9166666666666667 1.1547005383792515 0.6153803950881032 0.6153971181924484
1.9166666666666667 1.3471506281091268 0.6122810951151308 0.6123000455131736
1.9166666666666667 1.539600717839002 0.3341929484236532 0.33418482559733775
1.9166666666666667 1.7320508075688772 0.22604002911909582 0.22605575742236902
1.9166666666666667 1.9245008972987525 0.3341482888973028 0.3341392512878611
1.9166666666666667 2.116950987028628 0.6122716755995466 0.6122919039168728
1.9166666666666667 2.309401076758503 0.6153803950881034 0.6153971181924484
2.0 -2.309401076758503 0.6166481382712499 0.6166663494787501
2.0 -2.116950987028628 0.6139653954437497 0.6139883985441658
2.0 -1.9245008972987525 0.3622479058437514 0.36232002230250027
2.0 -1.7320508075688772 0.23623130507125015 0.23625146649541648
2.0 -1.539600717839002 0.36224790584375116 0.3623200223025003
2.0 -1.3471506281091268 0.6139653954437502 0.613988398544166
2.0 -1.1547005383792515 0.6166481382712499 0.6166663494787501
2.0 -0.9622504486493763 0.6139653954437502 0.613988398544166
2.0 -0.769800358919501 0.3622479058437513 0.36232002230250043
2.0 -0.5773502691896257 0.23623130507125015 0.23625146649541648
2.0 -0.3849001794597505 0.3622479058437511 0.3623200223025004
2.0 -0.19245008972987526 0.6139653954437501 0.6139883985441658
2.0 0.0 0.6166481382712499 0.6166663494787501
2.0 0.19245008972987526 0.6139653954437501 0.6139883985441653
2.0 0.3849001794597505 0.36224790584375127 0.36232002230250027
2.0 0.5773502691896257 0.23623130507125015 0.23625146649541648
2.0 0.769800358919501 0.36224790584375127 0.3623200223025006
2.0 0.9622504486493763 0.6139653954437503 0.613988398544166
2.0 1.1547005383792515 0.6166481382712499 0.6166663494787501
2.0 1.3471506281091268 0.6139653954437501 0.6139883985441659
2.0 1.539600717839002 0.36224790584375127 0.3623200223025001
2.0 1.7320508075688772 0.23623130507125015 0.23625146649541648
2.0 1.9245008972987525 0.3622479058437514 0.36232002230250016
2.0 2.116950987028628 0.6139653954437497 0.6139883985441659
2.0 2.309401076758503 0.6166481382712499 0.6166663494787501
