-2.0 -2.309401076758503 0.9703636829291662 0.9703509116102094
-2.0 -2.116950987028628 0.9724138501270819 0.9723977203426023
-2.0 -1.9245008972987525 0.6688945394729165 0.6689126998573968
-2.0 -1.7320508075688772 0.015435712620833316 0.015422544389791657
-2.0 -1.539600717839002 0.6688945394729195 0.6689126998573969
-2.0 -1.3471506281091268 0.9724138501270818 0.9723977203426034
-2.0 -1.1547005383792515 0.9703636829291662 0.9703509116102094
-2.0 -0.9622504486493763 0.9724138501270826 0.9723977203426031
-2.0 -0.769800358919501 0.6688945394729168 0.668912699857397
-2.0 -0.5773502691896257 0.015435712620833316 0.015422544389791657
-2.0 -0.3849001794597505 0.6688945394729187 0.6689126998573973
-2.0 -0.19245008972987526 0.972413850127082 0.9723977203426033
-2.0 0.0 0.9703636829291662 0.9703509116102094
-2.0 0.19245008972987526 0.9724138501270821 0.972397720342603
-2.0 0.3849001794597505 0.6688945394729181 0.6689126998573971
-2.0 0.5773502691896257 0.015435712620833316 0.015422544389791657
-2.0 0.769800358919501 0.6688945394729167 0.6689126998573969
-2.0 0.9622504486493763 0.9724138501270826 0.972397720342603
-2.0 1.1547005383792515 0.9703636829291662 0.9703509116102094
-2.0 1.3471506281091268 0.9724138501270817 0.9723977203426032
-2.0 1.539600717839002 0.6688945394729192 0.668912699857397
-2.0 1.7320508075688772 0.015435712620833316 0.015422544389791657
-2.0 1.9245008972987525 0.6688945394729165 0.6689126998573967
-2.0 2.116950987028628 0.9724138501270821 0.9723977203426026
-2.0 2.309401076758503 0.9703636829291662 0.9703509116102094
-1.9166666666666667 -2.309401076758503 0.9716828956360692 0.9716865591590084
-1.9166666666666667 -2.116950987028628 0.9679667086273301 0.9679451356152577
-1.9166666666666667 -1.9245008972987525 0.509717035998182 0.5100662204545282
-1.9166666666666667 -1.7320508075688772 0.015640068963702944 0.015635291075347293
-1.9166666666666667 -1.539600717839002 0.5447941698222097 0.5444487432022953
-1.9166666666666667 -1.3471506281091268 0.9682166377833409 0.9681810007324194
-1.9166666666666667 -1.1547005383792515 0.9716828956360688 0.9716865591590081
-1.9166666666666667 -0.9622504486493763 0.96796670862733 0.9679451356152586
-1.9166666666666667 -0.769800358919501 0.509717035998182 0.5100662204545283
-1.9166666666666667 -0.5773502691896257 0.01564006896370256 0.015635291075346933
-1.9166666666666667 -0.3849001794597505 0.5447941698222094 0.5444487432022949
-1.9166666666666667 -0.19245008972987526 0.9682166377833413 0.9681810007324186
-1.9166666666666667 0.0 0.9716828956360687 0.9716865591590083
-1.9166666666666667 0.19245008972987526 0.9679667086273301 0.9679451356152579
-1.9166666666666667 0.3849001794597505 0.5097170359981824 0.510066220454528
-1.9166666666666667 0.5773502691896257 0.01564006896370254 0.01563529107534687
-1.9166666666666667 0.769800358919501 0.5447941698222093 0.5444487432022954
-1.9166666666666667 0.9622504486493763 0.9682166377833415 0.9681810007324186
-1.9166666666666667 1.1547005383792515 0.9716828956360687 0.971686559159008
-1.9166666666666667 1.3471506281091268 0.9679667086273291 0.9679451356152572
-1.9166666666666667 1.539600717839002 0.5097170359981826 0.5100662204545282
-1.9166666666666667 1.7320508075688772 0.015640068963702788 0.01563529107534716
-1.9166666666666667 1.9245008972987525 0.5447941698222091 0.5444487432022947
-1.9166666666666667 2.116950987028628 0.9682166377833409 0.9681810007324179
-1.9166666666666667 2.309401076758503 0.9716828956360686 0.9716865591590089
-1.8333333333333333 -2.309401076758503 0.9668841858037166 0.966890123558189
-1.8333333333333333 -2.116950987028628 0.959628411414035 0.9596555212057679
-1.8333333333333333 -1.9245008972987525 0.18850425358585 0.18866971780323857
-1.8333333333333333 -1.7320508075688772 0.017311184162947878 0.01731190466681163
-1.8333333333333333 -1.539600717839002 0.20255660110263063 0.20237790896923105
-1.8333333333333333 -1.3471506281091268 0.9605180280558145 0.9605384607467595
-1.8333333333333333 -1.1547005383792515 0.9668841858037164 0.9668901235581892
-1.8333333333333333 -0.9622504486493763 0.9596284114140342 0.9596555212057682
-1.8333333333333333 -0.769800358919501 0.18850425358585018 0.1886697178032389
-1.8333333333333333 -0.5773502691896257 0.017311184162948197 0.017311904666811928
-1.8333333333333333 -0.3849001794597505 0.2025566011026306 0.20237790896923116
-1.8333333333333333 -0.19245008972987526 0.9605180280558138 0.960538460746759
-1.8333333333333333 0.0 0.966884185803717 0.9668901235581887
-1.8333333333333333 0.19245008972987526 0.9596284114140343 0.9596555212057691
-1.8333333333333333 0.3849001794597505 0.1885042535858503 0.18866971780323885
-1.8333333333333333 0.5773502691896257 0.017311184162948186 0.017311904666811914
-1.8333333333333333 0.769800358919501 0.20255660110263066 0.202377908969231
-1.8333333333333333 0.9622504486493763 0.9605180280558134 0.9605384607467584
-1.8333333333333333 1.1547005383792515 0.966884185803718 0.9668901235581888
-1.8333333333333333 1.3471506281091268 0.9596284114140344 0.959655521205769
-1.8333333333333333 1.539600717839002 0.18850425358585027 0.18866971780323857
-1.8333333333333333 1.7320508075688772 0.017311184162947742 0.0173119046668115
-1.8333333333333333 1.9245008972987525 0.20255660110262994 0.2023779089692309
-1.8333333333333333 2.116950987028628 0.9605180280558133 0.9605384607467582
-1.8333333333333333 2.309401076758503 0.9668841858037179 0.9668901235581887
-1.75 -2.309401076758503 0.9472374968173155 0.9472230279450431
-1.75 -2.116950987028628 0.939485686267098 0.939530647724275
-1.75 -1.9245008972987525 0.05034784502658983 0.05046410237180419
-1.75 -1.7320508075688772 0.020604311732683584 0.020601583504957263
-1.75 -1.539600717839002 0.0516798549681006 0.051619572615401205
-1.75 -1.3471506281091268 0.9407385019382094 0.9407495935885186
-1.75 -1.1547005383792515 0.9472374968173157 0.9472230279450433
-1.75 -0.9622504486493763 0.9394856862670987 0.9395306477242754
-1.75 -0.769800358919501 0.0503478450265904 0.05046410237180472
-1.75 -0.5773502691896257 0.020604311732683588 0.020601583504957277
-1.75 -0.3849001794597505 0.05167985496810065 0.05161957261540118
-1.75 -0.19245008972987526 0.9407385019382091 0.9407495935885183
-1.75 0.0 0.9472374968173151 0.9472230279450431
-1.75 0.19245008972987526 0.9394856862670986 0.9395306477242743
-1.75 0.3849001794597505 0.05034784502659026 0.0504641023718046
-1.75 0.5773502691896257 0.02060431173268354 0.02060158350495727
-1.75 0.769800358919501 0.05167985496810079 0.05161957261540132
-1.75 0.9622504486493763 0.9407385019382102 0.9407495935885177
-1.75 1.1547005383792515 0.9472374968173153 0.9472230279450427
-1.75 1.3471506281091268 0.9394856862670994 0.9395306477242749
-1.75 1.539600717839002 0.05034784502659018 0.05046410237180457
-1.75 1.7320508075688772 0.020604311732683463 0.0206015835049572
-1.75 1.9245008972987525 0.05167985496810033 0.05161957261540081
-1.75 2.116950987028628 0.9407385019382097 0.9407495935885176
-1.75 2.309401076758503 0.9472374968173157 0.9472230279450424
-1.6666666666666667 -2.309401076758503 0.8929705252895836 0.8929542723926046
-1.6666666666666667 -2.116950987028628 0.6866645676291683 0.6869026334839592
-1.6666666666666667 -1.9245008972987525 0.03757252386458293 0.0375309013663539
-1.6666666666666667 -1.7320508075688772 0.02661364276041723 0.026615966282396465
-1.6666666666666667 -1.539600717839002 0.03754060384583362 0.03754404101604194
-1.6666666666666667 -1.3471506281091268 0.6946385092354181 0.6947771997586473
-1.6666666666666667 -1.1547005383792515 0.8929705252895849 0.8929542723926045
-1.6666666666666667 -0.9622504486493763 0.6866645676291685 0.6869026334839596
-1.6666666666666667 -0.769800358919501 0.03757252386458331 0.03753090136635429
-1.6666666666666667 -0.5773502691896257 0.02661364276041675 0.02661596628239596
-1.6666666666666667 -0.3849001794597505 0.03754060384583317 0.03754404101604168
-1.6666666666666667 -0.19245008972987526 0.6946385092354181 0.694777199758648
-1.6666666666666667 0.0 0.8929705252895838 0.8929542723926048
-1.6666666666666667 0.19245008972987526 0.6866645676291693 0.6869026334839595
-1.6666666666666667 0.3849001794597505 0.0375725238645831 0.037530901366354064
-1.6666666666666667 0.5773502691896257 0.02661364276041671 0.026615966282395924
-1.6666666666666667 0.769800358919501 0.037540603845833374 0.03754404101604185
-1.6666666666666667 0.9622504486493763 0.6946385092354176 0.6947771997586476
-1.6666666666666667 1.1547005383792515 0.8929705252895836 0.8929542723926043
-1.6666666666666667 1.3471506281091268 0.6866645676291689 0.6869026334839601
-1.6666666666666667 1.539600717839002 0.03757252386458339 0.037530901366354404
-1.6666666666666667 1.7320508075688772 0.02661364276041708 0.0266159662823963
-1.6666666666666667 1.9245008972987525 0.037540603845832896 0.03754404101604121
-1.6666666666666667 2.116950987028628 0.6946385092354178 0.6947771997586467
-1.6666666666666667 2.309401076758503 0.8929705252895833 0.8929542723926038
-1.5833333333333333 -2.309401076758503 0.427019089149711 0.42713716611380337
-1.5833333333333333 -2.116950987028628 0.18783607959126863 0.18789245663946036
-1.5833333333333333 -1.9245008972987525 0.04161859846241063 0.04162051365618772
-1.5833333333333333 -1.7320508075688772 0.041727349100512234 0.041720062051840624
-1.5833333333333333 -1.539600717839002 0.04131786307720711 0.04133833997359337
-1.5833333333333333 -1.3471506281091268 0.1916665320380484 0.19161031857625818
-1.5833333333333333 -1.1547005383792515 0.427019089149712 0.4271371661138041
-1.5833333333333333 -0.9622504486493763 0.1878360795912683 0.18789245663946041
-1.5833333333333333 -0.769800358919501 0.04161859846241035 0.04162051365618754
-1.5833333333333333 -0.5773502691896257 0.04172734910051279 0.041720062051841166
-1.5833333333333333 -0.3849001794597505 0.041317863077207154 0.04133833997359347
-1.5833333333333333 -0.19245008972987526 0.19166653203804837 0.19161031857625868
-1.5833333333333333 0.0 0.4270190891497118 0.4271371661138037
-1.5833333333333333 0.19245008972987526 0.18783607959126855 0.1878924566394603
-1.5833333333333333 0.3849001794597505 0.04161859846241024 0.041620513656187574
-1.5833333333333333 0.5773502691896257 0.04172734910051275 0.041720062051841145
-1.5833333333333333 0.769800358919501 0.04131786307720706 0.04133833997359348
-1.5833333333333333 0.9622504486493763 0.19166653203804876 0.19161031857625835
-1.5833333333333333 1.1547005383792515 0.42701908914971204 0.4271371661138039
-1.5833333333333333 1.3471506281091268 0.1878360795912686 0.18789245663946036
-1.5833333333333333 1.539600717839002 0.04161859846241013 0.04162051365618732
-1.5833333333333333 1.7320508075688772 0.04172734910051233 0.041720062051840714
-1.5833333333333333 1.9245008972987525 0.04131786307720707 0.04133833997359344
-1.5833333333333333 2.116950987028628 0.19166653203804873 0.19161031857625865
-1.5833333333333333 2.309401076758503 0.42701908914971126 0.4271371661138035
-1.5 -2.309401076758503 0.07681779160833277 0.07683837144999964
-1.5 -2.116950987028628 0.05546083818564149 0.05547218253150756
-1.5 -1.9245008972987525 0.05546083818564153 0.0554721825315075
-1.5 -1.7320508075688772 0.07681779160833277 0.07683837144999955
-1.5 -1.539600717839002 0.05507827108102534 0.0550708115684925
-1.5 -1.3471506281091268 0.05507827108102514 0.05507081156849223
-1.5 -1.1547005383792515 0.07681779160833285 0.07683837144999948
-1.5 -0.9622504486493763 0.055460838185641265 0.05547218253150731
-1.5 -0.769800358919501 0.05546083818564149 0.05547218253150756
-1.5 -0.5773502691896257 0.07681779160833324 0.07683837145000004
-1.5 -0.3849001794597505 0.05507827108102514 0.055070811568492174
-1.5 -0.19245008972987526 0.055078271081025074 0.05507081156849225
-1.5 0.0 0.0768177916083332 0.07683837144999994
-1.5 0.19245008972987526 0.055460838185641265 0.05547218253150729
-1.5 0.3849001794597505 0.055460838185641376 0.05547218253150738
-1.5 0.5773502691896257 0.07681779160833326 0.07683837145
-1.5 0.769800358919501 0.055078271081025185 0.05507081156849229
-1.5 0.9622504486493763 0.05507827108102506 0.055070811568492306
-1.5 1.1547005383792515 0.07681779160833287 0.07683837144999951
-1.5 1.3471506281091268 0.05546083818564149 0.05547218253150753
-1.5 1.539600717839002 0.05546083818564142 0.05547218253150754
-1.5 1.7320508075688772 0.07681779160833285 0.07683837144999957
-1.5 1.9245008972987525 0.05507827108102499 0.055070811568492195
-1.5 2.116950987028628 0.05507827108102539 0.05507081156849248
-1.5 2.309401076758503 0.07681779160833294 0.0768383714499996
-1.4166666666666667 -2.309401076758503 0.04172734910051264 0.04172006205184116
-1.4166666666666667 -2.116950987028628 0.0416185984624103 0.041620513656187456
-1.4166666666666667 -1.9245008972987525 0.1878360795912689 0.18789245663946078
-1.4166666666666667 -1.7320508075688772 0.4270190891497127 0.4271371661138051
-1.4166666666666667 -1.539600717839002 0.1916665320380489 0.1916103185762587
-1.4166666666666667 -1.3471506281091268 0.041317863077207154 0.04133833997359339
-1.4166666666666667 -1.1547005383792515 0.041727349100512484 0.041720062051840985
-1.4166666666666667 -0.9622504486493763 0.04161859846241035 0.04162051365618757
-1.4166666666666667 -0.769800358919501 0.1878360795912688 0.18789245663946055
-1.4166666666666667 -0.5773502691896257 0.42701908914971215 0.42713716611380415
-1.4166666666666667 -0.3849001794597505 0.19166653203804881 0.19161031857625885
-1.4166666666666667 -0.19245008972987526 0.041317863077207195 0.04133833997359351
-1.4166666666666667 0.0 0.041727349100512706 0.0417200620518412
-1.4166666666666667 0.19245008972987526 0.04161859846241048 0.04162051365618765
-1.4166666666666667 0.3849001794597505 0.1878360795912687 0.18789245663946066
-1.4166666666666667 0.5773502691896257 0.427019089149712 0.427137166113804
-1.4166666666666667 0.769800358919501 0.1916665320380486 0.191610318576259
-1.4166666666666667 0.9622504486493763 0.04131786307720718 0.041338339973593506
-1.4166666666666667 1.1547005383792515 0.04172734910051251 0.041720062051840937
-1.4166666666666667 1.3471506281091268 0.0416185984624103 0.04162051365618748
-1.4166666666666667 1.539600717839002 0.18783607959126886 0.18789245663946078
-1.4166666666666667 1.7320508075688772 0.4270190891497129 0.42713716611380514
-1.4166666666666667 1.9245008972987525 0.1916665320380486 0.19161031857625888
-1.4166666666666667 2.116950987028628 0.04131786307720721 0.0413383399735934
-1.4166666666666667 2.309401076758503 0.04172734910051279 0.04172006205184128
-1.3333333333333333 -2.309401076758503 0.026613642760416355 0.0266159662823955
-1.3333333333333333 -2.116950987028628 0.037572523864583374 0.03753090136635434
-1.3333333333333333 -1.9245008972987525 0.6866645676291696 0.6869026334839614
-1.3333333333333333 -1.7320508075688772 0.8929705252895835 0.8929542723926036
-1.3333333333333333 -1.539600717839002 0.6946385092354184 0.6947771997586483
-1.3333333333333333 -1.3471506281091268 0.0375406038458329 0.03754404101604138
-1.3333333333333333 -1.1547005383792515 0.02661364276041672 0.02661596628239593
-1.3333333333333333 -0.9622504486493763 0.0375725238645833 0.03753090136635433
-1.3333333333333333 -0.769800358919501 0.6866645676291693 0.6869026334839611
-1.3333333333333333 -0.5773502691896257 0.892970525289584 0.8929542723926047
-1.3333333333333333 -0.3849001794597505 0.6946385092354184 0.6947771997586485
-1.3333333333333333 -0.19245008972987526 0.037540603845833145 0.037544041016041585
-1.3333333333333333 0.0 0.026613642760416507 0.026615966282395764
-1.3333333333333333 0.19245008972987526 0.037572523864583075 0.037530901366354036
-1.3333333333333333 0.3849001794597505 0.6866645676291692 0.6869026334839603
-1.3333333333333333 0.5773502691896257 0.8929705252895838 0.8929542723926052
-1.3333333333333333 0.769800358919501 0.6946385092354187 0.6947771997586488
-1.3333333333333333 0.9622504486493763 0.03754060384583341 0.0375440410160417
-1.3333333333333333 1.1547005383792515 0.026613642760416743 0.026615966282396063
-1.3333333333333333 1.3471506281091268 0.03757252386458283 0.03753090136635376
-1.3333333333333333 1.539600717839002 0.6866645676291692 0.6869026334839603
-1.3333333333333333 1.7320508075688772 0.8929705252895833 0.8929542723926047
-1.3333333333333333 1.9245008972987525 0.694638509235419 0.694777199758648
-1.3333333333333333 2.116950987028628 0.03754060384583345 0.03754404101604178
-1.3333333333333333 2.309401076758503 0.026613642760416525 0.026615966282395834
-1.25 -2.309401076758503 0.020604311732683463 0.02060158350495721
-1.25 -2.116950987028628 0.05034784502659048 0.050464102371804806
-1.25 -1.9245008972987525 0.9394856862670983 0.9395306477242742
-1.25 -1.7320508075688772 0.9472374968173155 0.9472230279450433
-1.25 -1.539600717839002 0.9407385019382104 0.9407495935885181
-1.25 -1.3471506281091268 0.051679854968100306 0.05161957261540076
-1.25 -1.1547005383792515 0.020604311732683518 0.020601583504957246
-1.25 -0.9622504486493763 0.050347845026589885 0.05046410237180428
-1.25 -0.769800358919501 0.9394856862670985 0.9395306477242746
-1.25 -0.5773502691896257 0.9472374968173153 0.9472230279450433
-1.25 -0.3849001794597505 0.9407385019382094 0.9407495935885175
-1.25 -0.19245008972987526 0.05167985496810042 0.05161957261540088
-1.25 0.0 0.020604311732683372 0.020601583504957124
-1.25 0.19245008972987526 0.0503478450265899 0.05046410237180443
-1.25 0.3849001794597505 0.9394856862670983 0.9395306477242754
-1.25 0.5773502691896257 0.9472374968173154 0.9472230279450435
-1.25 0.769800358919501 0.9407385019382094 0.9407495935885178
-1.25 0.9622504486493763 0.051679854968100264 0.05161957261540078
-1.25 1.1547005383792515 0.020604311732683622 0.02060158350495732
-1.25 1.3471506281091268 0.05034784502658966 0.05046410237180416
-1.25 1.539600717839002 0.9394856862670985 0.9395306477242755
-1.25 1.7320508075688772 0.9472374968173153 0.947223027945043
-1.25 1.9245008972987525 0.940738501938209 0.9407495935885183
-1.25 2.116950987028628 0.05167985496810072 0.05161957261540124
-1.25 2.309401076758503 0.02060431173268353 0.02060158350495725
-1.1666666666666667 -2.309401076758503 0.017311184162947878 0.01731190466681167
-1.1666666666666667 -2.116950987028628 0.18850425358585082 0.18866971780323957
-1.1666666666666667 -1.9245008972987525 0.9596284114140337 0.9596555212057691
-1.1666666666666667 -1.7320508075688772 0.9668841858037185 0.9668901235581893
-1.1666666666666667 -1.539600717839002 0.9605180280558138 0.9605384607467589
-1.1666666666666667 -1.3471506281091268 0.2025566011026304 0.20237790896923102
-1.1666666666666667 -1.1547005383792515 0.01731118416294799 0.017311904666811748
-1.1666666666666667 -0.9622504486493763 0.18850425358585046 0.18866971780323916
-1.1666666666666667 -0.769800358919501 0.959628411414034 0.9596555212057699
-1.1666666666666667 -0.5773502691896257 0.966884185803717 0.9668901235581886
-1.1666666666666667 -0.3849001794597505 0.960518028055813 0.9605384607467593
-1.1666666666666667 -0.19245008972987526 0.20255660110263096 0.2023779089692316
-1.1666666666666667 0.0 0.01731118416294791 0.01731190466681168
-1.1666666666666667 0.19245008972987526 0.18850425358585055 0.1886697178032393
-1.1666666666666667 0.3849001794597505 0.9596284114140343 0.9596555212057694
-1.1666666666666667 0.5773502691896257 0.9668841858037164 0.9668901235581893
-1.1666666666666667 0.769800358919501 0.9605180280558138 0.9605384607467596
-1.1666666666666667 0.9622504486493763 0.20255660110263093 0.20237790896923155
-1.1666666666666667 1.1547005383792515 0.017311184162947916 0.017311904666811706
-1.1666666666666667 1.3471506281091268 0.18850425358585013 0.18866971780323874
-1.1666666666666667 1.539600717839002 0.9596284114140351 0.9596555212057689
-1.1666666666666667 1.7320508075688772 0.9668841858037168 0.9668901235581892
-1.1666666666666667 1.9245008972987525 0.9605180280558142 0.9605384607467593
-1.1666666666666667 2.116950987028628 0.20255660110263085 0.20237790896923172
-1.1666666666666667 2.309401076758503 0.017311184162947912 0.017311904666811685
-1.0833333333333333 -2.309401076758503 0.015640068963702344 0.015635291075346745
-1.0833333333333333 -2.116950987028628 0.5097170359981835 0.5100662204545289
-1.0833333333333333 -1.9245008972987525 0.9679667086273295 0.9679451356152575
-1.0833333333333333 -1.7320508075688772 0.9716828956360684 0.9716865591590084
-1.0833333333333333 -1.539600717839002 0.9682166377833411 0.9681810007324175
-1.0833333333333333 -1.3471506281091268 0.5447941698222092 0.5444487432022949
-1.0833333333333333 -1.1547005383792515 0.015640068963702885 0.01563529107534724
-1.0833333333333333 -0.9622504486493763 0.5097170359981832 0.5100662204545285
-1.0833333333333333 -0.769800358919501 0.967966708627329 0.9679451356152579
-1.0833333333333333 -0.5773502691896257 0.9716828956360682 0.9716865591590084
-1.0833333333333333 -0.3849001794597505 0.9682166377833421 0.9681810007324179
-1.0833333333333333 -0.19245008972987526 0.5447941698222095 0.5444487432022951
-1.0833333333333333 0.0 0.015640068963702645 0.01563529107534699
-1.0833333333333333 0.19245008972987526 0.5097170359981822 0.5100662204545283
-1.0833333333333333 0.3849001794597505 0.9679667086273298 0.9679451356152577
-1.0833333333333333 0.5773502691896257 0.971682895636069 0.971686559159008
-1.0833333333333333 0.769800358919501 0.9682166377833413 0.9681810007324186
-1.0833333333333333 0.9622504486493763 0.5447941698222102 0.544448743202296
-1.0833333333333333 1.1547005383792515 0.015640068963702854 0.01563529107534725
-1.0833333333333333 1.3471506281091268 0.5097170359981816 0.5100662204545281
-1.0833333333333333 1.539600717839002 0.9679667086273301 0.9679451356152582
-1.0833333333333333 1.7320508075688772 0.9716828956360688 0.9716865591590074
-1.0833333333333333 1.9245008972987525 0.9682166377833414 0.9681810007324184
-1.0833333333333333 2.116950987028628 0.5447941698222106 0.544448743202296
-1.0833333333333333 2.309401076758503 0.015640068963702437 0.015635291075346783
-1.0 -2.309401076758503 0.015435712620833316 0.015422544389791657
-1.0 -2.116950987028628 0.6688945394729194 0.6689126998573967
-1.0 -1.9245008972987525 0.9724138501270819 0.9723977203426031
-1.0 -1.7320508075688772 0.9703636829291662 0.9703509116102094
-1.0 -1.539600717839002 0.9724138501270826 0.9723977203426031
-1.0 -1.3471506281091268 0.6688945394729165 0.6689126998573965
-1.0 -1.1547005383792515 0.015435712620833316 0.015422544389791657
-1.0 -0.9622504486493763 0.6688945394729189 0.6689126998573971
-1.0 -0.769800358919501 0.9724138501270818 0.9723977203426029
-1.0 -0.5773502691896257 0.9703636829291662 0.9703509116102094
-1.0 -0.3849001794597505 0.9724138501270826 0.9723977203426027
-1.0 -0.19245008972987526 0.6688945394729173 0.6689126998573968
-1.0 0.0 0.015435712620833316 0.015422544389791657
-1.0 0.19245008972987526 0.6688945394729174 0.6689126998573967
-1.0 0.3849001794597505 0.9724138501270819 0.9723977203426026
-1.0 0.5773502691896257 0.9703636829291662 0.9703509116102094
-1.0 0.769800358919501 0.9724138501270818 0.9723977203426027
-1.0 0.9622504486493763 0.6688945394729189 0.6689126998573968
-1.0 1.1547005383792515 0.015435712620833316 0.015422544389791657
-1.0 1.3471506281091268 0.6688945394729173 0.6689126998573967
-1.0 1.539600717839002 0.9724138501270821 0.9723977203426027
-1.0 1.7320508075688772 0.9703636829291662 0.9703509116102094
-1.0 1.9245008972987525 0.9724138501270811 0.9723977203426031
-1.0 2.116950987028628 0.668894539472919 0.6689126998573969
-1.0 2.309401076758503 0.015435712620833316 0.015422544389791657
-0.9166666666666666 -2.309401076758503 0.01564006896370278 0.015635291075347203
-0.9166666666666666 -2.116950987028628 0.5447941698222097 0.5444487432022954
-0.9166666666666666 -1.9245008972987525 0.9682166377833406 0.9681810007324194
-0.9166666666666666 -1.7320508075688772 0.9716828956360684 0.9716865591590071
-0.9166666666666666 -1.539600717839002 0.967966708627329 0.9679451356152583
-0.9166666666666666 -1.3471506281091268 0.5097170359981814 0.510066220454528
-0.9166666666666666 -1.1547005383792515 0.01564006896370301 0.015635291075347425
-0.9166666666666666 -0.9622504486493763 0.5447941698222094 0.5444487432022953
-0.9166666666666666 -0.769800358919501 0.9682166377833408 0.9681810007324191
-0.9166666666666666 -0.5773502691896257 0.9716828956360684 0.9716865591590074
-0.9166666666666666 -0.3849001794597505 0.9679667086273293 0.9679451356152582
-0.9166666666666666 -0.19245008972987526 0.5097170359981823 0.5100662204545279
-0.9166666666666666 0.0 0.015640068963703 0.015635291075347384
-0.9166666666666666 0.19245008972987526 0.544794169822209 0.5444487432022949
-0.9166666666666666 0.3849001794597505 0.9682166377833409 0.9681810007324184
-0.9166666666666666 0.5773502691896257 0.9716828956360679 0.971686559159008
-0.9166666666666666 0.769800358919501 0.9679667086273289 0.9679451356152579
-0.9166666666666666 0.9622504486493763 0.5097170359981825 0.5100662204545282
-0.9166666666666666 1.1547005383792515 0.015640068963702992 0.015635291075347373
-0.9166666666666666 1.3471506281091268 0.5447941698222086 0.5444487432022953
-0.9166666666666666 1.539600717839002 0.9682166377833403 0.968181000732418
-0.9166666666666666 1.7320508075688772 0.9716828956360677 0.9716865591590081
-0.9166666666666666 1.9245008972987525 0.9679667086273289 0.967945135615257
-0.9166666666666666 2.116950987028628 0.509717035998183 0.5100662204545282
-0.9166666666666666 2.309401076758503 0.01564006896370279 0.015635291075347175
-0.8333333333333334 -2.309401076758503 0.017311184162948037 0.017311904666811713
-0.8333333333333334 -2.116950987028628 0.20255660110263143 0.20237790896923183
-0.8333333333333334 -1.9245008972987525 0.9605180280558139 0.9605384607467596
-0.8333333333333334 -1.7320508075688772 0.9668841858037158 0.9668901235581892
-0.8333333333333334 -1.539600717839002 0.9596284114140355 0.9596555212057689
-0.8333333333333334 -1.3471506281091268 0.18850425358585024 0.18866971780323882
-0.8333333333333334 -1.1547005383792515 0.017311184162947926 0.017311904666811664
-0.8333333333333334 -0.9622504486493763 0.20255660110263105 0.20237790896923183
-0.8333333333333334 -0.769800358919501 0.9605180280558138 0.9605384607467593
-0.8333333333333334 -0.5773502691896257 0.9668841858037158 0.9668901235581898
-0.8333333333333334 -0.3849001794597505 0.9596284114140349 0.959655521205769
-0.8333333333333334 -0.19245008972987526 0.18850425358585046 0.18866971780323932
-0.8333333333333334 0.0 0.017311184162947937 0.017311904666811706
-0.8333333333333334 0.19245008972987526 0.20255660110263082 0.2023779089692316
-0.8333333333333334 0.3849001794597505 0.9605180280558138 0.9605384607467593
-0.8333333333333334 0.5773502691896257 0.9668841858037169 0.9668901235581887
-0.8333333333333334 0.769800358919501 0.959628411414034 0.9596555212057697
-0.8333333333333334 0.9622504486493763 0.18850425358585063 0.18866971780323968
-0.8333333333333334 1.1547005383792515 0.017311184162947933 0.0173119046668117
-0.8333333333333334 1.3471506281091268 0.20255660110263066 0.20237790896923114
-0.8333333333333334 1.539600717839002 0.9605180280558139 0.960538460746759
-0.8333333333333334 1.7320508075688772 0.9668841858037183 0.9668901235581892
-0.8333333333333334 1.9245008972987525 0.9596284114140339 0.9596555212057688
-0.8333333333333334 2.116950987028628 0.18850425358585093 0.1886697178032398
-0.8333333333333334 2.309401076758503 0.01731118416294799 0.01731190466681176
-0.75 -2.309401076758503 0.020604311732683577 0.020601583504957322
-0.75 -2.116950987028628 0.051679854968100805 0.05161957261540142
-0.75 -1.9245008972987525 0.9407385019382092 0.9407495935885184
-0.75 -1.7320508075688772 0.9472374968173153 0.9472230279450432
-0.75 -1.539600717839002 0.9394856862670989 0.9395306477242761
-0.75 -1.3471506281091268 0.05034784502658983 0.05046410237180433
-0.75 -1.1547005383792515 0.020604311732683546 0.020601583504957263
-0.75 -0.9622504486493763 0.051679854968100625 0.051619572615401156
-0.75 -0.769800358919501 0.9407385019382088 0.9407495935885177
-0.75 -0.5773502691896257 0.9472374968173151 0.9472230279450433
-0.75 -0.3849001794597505 0.9394856862670984 0.9395306477242755
-0.75 -0.19245008972987526 0.050347845026590066 0.05046410237180454
-0.75 0.0 0.020604311732683372 0.02060158350495707
-0.75 0.19245008972987526 0.05167985496810054 0.051619572615401024
-0.75 0.3849001794597505 0.9407385019382096 0.9407495935885174
-0.75 0.5773502691896257 0.9472374968173148 0.947223027945043
-0.75 0.769800358919501 0.9394856862670989 0.939530647724275
-0.75 0.9622504486493763 0.050347845026590135 0.0504641023718046
-0.75 1.1547005383792515 0.02060431173268351 0.020601583504957208
-0.75 1.3471506281091268 0.05167985496810032 0.05161957261540086
-0.75 1.539600717839002 0.9407385019382098 0.9407495935885173
-0.75 1.7320508075688772 0.9472374968173156 0.9472230279450423
-0.75 1.9245008972987525 0.9394856862670987 0.939530647724275
-0.75 2.116950987028628 0.0503478450265904 0.05046410237180477
-0.75 2.309401076758503 0.020604311732683466 0.02060158350495716
-0.6666666666666666 -2.309401076758503 0.026613642760416178 0.026615966282395362
-0.6666666666666666 -2.116950987028628 0.03754060384583346 0.03754404101604173
-0.6666666666666666 -1.9245008972987525 0.6946385092354169 0.6947771997586456
-0.6666666666666666 -1.7320508075688772 0.8929705252895838 0.8929542723926046
-0.6666666666666666 -1.539600717839002 0.6866645676291672 0.6869026334839584
-0.6666666666666666 -1.3471506281091268 0.03757252386458281 0.03753090136635373
-0.6666666666666666 -1.1547005383792515 0.026613642760416816 0.02661596628239598
-0.6666666666666666 -0.9622504486493763 0.03754060384583337 0.03754404101604174
-0.6666666666666666 -0.769800358919501 0.6946385092354169 0.6947771997586469
-0.6666666666666666 -0.5773502691896257 0.892970525289584 0.8929542723926048
-0.6666666666666666 -0.3849001794597505 0.6866645676291675 0.6869026334839586
-0.6666666666666666 -0.19245008972987526 0.03757252386458338 0.03753090136635415
-0.6666666666666666 0.0 0.026613642760416657 0.026615966282395882
-0.6666666666666666 0.19245008972987526 0.037540603845833326 0.03754404101604173
-0.6666666666666666 0.3849001794597505 0.6946385092354171 0.6947771997586465
-0.6666666666666666 0.5773502691896257 0.8929705252895834 0.8929542723926045
-0.6666666666666666 0.769800358919501 0.6866645676291673 0.686902633483959
-0.6666666666666666 0.9622504486493763 0.03757252386458328 0.03753090136635406
-0.6666666666666666 1.1547005383792515 0.026613642760416622 0.026615966282395848
-0.6666666666666666 1.3471506281091268 0.03754060384583303 0.0375440410160413
-0.6666666666666666 1.539600717839002 0.6946385092354171 0.6947771997586466
-0.6666666666666666 1.7320508075688772 0.8929705252895832 0.8929542723926034
-0.6666666666666666 1.9245008972987525 0.6866645676291674 0.686902633483959
-0.6666666666666666 2.116950987028628 0.03757252386458326 0.037530901366354175
-0.6666666666666666 2.309401076758503 0.026613642760416067 0.026615966282395265
-0.5833333333333334 -2.309401076758503 0.04172734910051293 0.041720062051841464
-0.5833333333333334 -2.116950987028628 0.041317863077207764 0.04133833997359393
-0.5833333333333334 -1.9245008972987525 0.19166653203804865 0.19161031857625854
-0.5833333333333334 -1.7320508075688772 0.4270190891497129 0.42713716611380487
-0.5833333333333334 -1.539600717839002 0.18783607959126922 0.18789245663946086
-0.5833333333333334 -1.3471506281091268 0.041618598462410436 0.041620513656187685
-0.5833333333333334 -1.1547005383792515 0.041727349100512706 0.04172006205184125
-0.5833333333333334 -0.9622504486493763 0.04131786307720735 0.041338339973593645
-0.5833333333333334 -0.769800358919501 0.19166653203804834 0.19161031857625865
-0.5833333333333334 -0.5773502691896257 0.42701908914971215 0.4271371661138042
-0.5833333333333334 -0.3849001794597505 0.1878360795912685 0.18789245663946055
-0.5833333333333334 -0.19245008972987526 0.04161859846241048 0.041620513656187665
-0.5833333333333334 0.0 0.041727349100512845 0.04172006205184127
-0.5833333333333334 0.19245008972987526 0.041317863077207265 0.0413383399735936
-0.5833333333333334 0.3849001794597505 0.19166653203804881 0.19161031857625854
-0.5833333333333334 0.5773502691896257 0.42701908914971226 0.42713716611380387
-0.5833333333333334 0.769800358919501 0.1878360795912686 0.18789245663946025
-0.5833333333333334 0.9622504486493763 0.04161859846241038 0.0416205136561876
-0.5833333333333334 1.1547005383792515 0.041727349100512734 0.041720062051841256
-0.5833333333333334 1.3471506281091268 0.041317863077207154 0.0413383399735935
-0.5833333333333334 1.539600717839002 0.19166653203804912 0.19161031857625896
-0.5833333333333334 1.7320508075688772 0.427019089149713 0.42713716611380487
-0.5833333333333334 1.9245008972987525 0.18783607959126872 0.18789245663946066
-0.5833333333333334 2.116950987028628 0.04161859846241066 0.0416205136561879
-0.5833333333333334 2.309401076758503 0.04172734910051293 0.041720062051841346
-0.5 -2.309401076758503 0.07681779160833323 0.07683837144999993
-0.5 -2.116950987028628 0.0550782710810252 0.0550708115684924
-0.5 -1.9245008972987525 0.055078271081025074 0.055070811568492244
-0.5 -1.7320508075688772 0.07681779160833331 0.07683837145
-0.5 -1.539600717839002 0.05546083818564128 0.05547218253150739
-0.5 -1.3471506281091268 0.05546083818564167 0.05547218253150762
-0.5 -1.1547005383792515 0.07681779160833332 0.07683837145000007
-0.5 -0.9622504486493763 0.05507827108102531 0.055070811568492445
-0.5 -0.769800358919501 0.05507827108102513 0.05507081156849223
-0.5 -0.5773502691896257 0.07681779160833321 0.07683837144999996
-0.5 -0.3849001794597505 0.055460838185641445 0.0554721825315074
-0.5 -0.19245008972987526 0.05546083818564157 0.05547218253150755
-0.5 0.0 0.07681779160833328 0.07683837145000003
-0.5 0.19245008972987526 0.05507827108102528 0.05507081156849238
-0.5 0.3849001794597505 0.055078271081025185 0.05507081156849239
-0.5 0.5773502691896257 0.07681779160833328 0.07683837145000005
-0.5 0.769800358919501 0.05546083818564132 0.05547218253150741
-0.5 0.9622504486493763 0.05546083818564139 0.05547218253150751
-0.5 1.1547005383792515 0.07681779160833335 0.07683837145000015
-0.5 1.3471506281091268 0.05507827108102521 0.0550708115684924
-0.5 1.539600717839002 0.05507827108102517 0.05507081156849242
-0.5 1.7320508075688772 0.07681779160833338 0.0768383714500001
-0.5 1.9245008972987525 0.05546083818564157 0.0554721825315076
-0.5 2.116950987028628 0.05546083818564122 0.05547218253150729
-0.5 2.309401076758503 0.0768177916083332 0.07683837144999994
-0.4166666666666667 -2.309401076758503 0.42701908914971276 0.42713716611380464
-0.4166666666666667 -2.116950987028628 0.191666532038049 0.19161031857625888
-0.4166666666666667 -1.9245008972987525 0.04131786307720699 0.04133833997359333
-0.4166666666666667 -1.7320508075688772 0.0417273491005124 0.04172006205184084
-0.4166666666666667 -1.539600717839002 0.04161859846241037 0.04162051365618755
-0.4166666666666667 -1.3471506281091268 0.18783607959126888 0.1878924566394608
-0.4166666666666667 -1.1547005383792515 0.4270190891497126 0.4271371661138046
-0.4166666666666667 -0.9622504486493763 0.1916665320380488 0.19161031857625843
-0.4166666666666667 -0.769800358919501 0.04131786307720728 0.041338339973593693
-0.4166666666666667 -0.5773502691896257 0.041727349100512706 0.041720062051841145
-0.4166666666666667 -0.3849001794597505 0.04161859846241041 0.04162051365618752
-0.4166666666666667 -0.19245008972987526 0.1878360795912686 0.18789245663946044
-0.4166666666666667 0.0 0.42701908914971254 0.427137166113804
-0.4166666666666667 0.19245008972987526 0.19166653203804884 0.19161031857625874
-0.4166666666666667 0.3849001794597505 0.04131786307720725 0.041338339973593465
-0.4166666666666667 0.5773502691896257 0.041727349100512665 0.041720062051841145
-0.4166666666666667 0.769800358919501 0.041618598462410575 0.04162051365618784
-0.4166666666666667 0.9622504486493763 0.18783607959126863 0.18789245663946044
-0.4166666666666667 1.1547005383792515 0.4270190891497126 0.4271371661138049
-0.4166666666666667 1.3471506281091268 0.19166653203804895 0.1916103185762593
-0.4166666666666667 1.539600717839002 0.04131786307720725 0.041338339973593555
-0.4166666666666667 1.7320508075688772 0.04172734910051239 0.04172006205184077
-0.4166666666666667 1.9245008972987525 0.04161859846241042 0.041620513656187644
-0.4166666666666667 2.116950987028628 0.18783607959126913 0.18789245663946075
-0.4166666666666667 2.309401076758503 0.4270190891497124 0.4271371661138048
-0.3333333333333333 -2.309401076758503 0.8929705252895842 0.8929542723926045
-0.3333333333333333 -2.116950987028628 0.6946385092354179 0.6947771997586478
-0.3333333333333333 -1.9245008972987525 0.03754060384583323 0.03754404101604168
-0.3333333333333333 -1.7320508075688772 0.026613642760417153 0.026615966282396347
-0.3333333333333333 -1.539600717839002 0.037572523864583415 0.03753090136635447
-0.3333333333333333 -1.3471506281091268 0.6866645676291692 0.6869026334839604
-0.3333333333333333 -1.1547005383792515 0.8929705252895833 0.8929542723926035
-0.3333333333333333 -0.9622504486493763 0.6946385092354179 0.6947771997586478
-0.3333333333333333 -0.769800358919501 0.03754060384583322 0.03754404101604153
-0.3333333333333333 -0.5773502691896257 0.02661364276041659 0.02661596628239575
-0.3333333333333333 -0.3849001794597505 0.03757252386458317 0.03753090136635413
-0.3333333333333333 -0.19245008972987526 0.6866645676291686 0.6869026334839593
-0.3333333333333333 0.0 0.8929705252895839 0.892954272392605
-0.3333333333333333 0.19245008972987526 0.6946385092354179 0.6947771997586478
-0.3333333333333333 0.3849001794597505 0.03754060384583329 0.037544041016041634
-0.3333333333333333 0.5773502691896257 0.026613642760416643 0.026615966282395834
-0.3333333333333333 0.769800358919501 0.037572523864583145 0.037530901366354036
-0.3333333333333333 0.9622504486493763 0.6866645676291684 0.6869026334839594
-0.3333333333333333 1.1547005383792515 0.8929705252895842 0.8929542723926043
-0.3333333333333333 1.3471506281091268 0.694638509235418 0.6947771997586472
-0.3333333333333333 1.539600717839002 0.0375406038458336 0.0375440410160419
-0.3333333333333333 1.7320508075688772 0.026613642760417264 0.026615966282396486
-0.3333333333333333 1.9245008972987525 0.0375725238645832 0.037530901366354195
-0.3333333333333333 2.116950987028628 0.6866645676291682 0.6869026334839593
-0.3333333333333333 2.309401076758503 0.892970525289584 0.8929542723926047
-0.25 -2.309401076758503 0.9472374968173158 0.947223027945043
-0.25 -2.116950987028628 0.9407385019382105 0.9407495935885174
-0.25 -1.9245008972987525 0.05167985496810057 0.05161957261540111
-0.25 -1.7320508075688772 0.020604311732683414 0.020601583504957166
-0.25 -1.539600717839002 0.05034784502659016 0.0504641023718046
-0.25 -1.3471506281091268 0.9394856862670989 0.939530647724275
-0.25 -1.1547005383792515 0.9472374968173154 0.9472230279450433
-0.25 -0.9622504486493763 0.9407385019382097 0.9407495935885176
-0.25 -0.769800358919501 0.051679854968100666 0.051619572615401184
-0.25 -0.5773502691896257 0.02060431173268339 0.020601583504957083
-0.25 -0.3849001794597505 0.050347845026590204 0.050464102371804556
-0.25 -0.19245008972987526 0.9394856862670988 0.939530647724275
-0.25 0.0 0.9472374968173152 0.9472230279450434
-0.25 0.19245008972987526 0.9407385019382098 0.9407495935885177
-0.25 0.3849001794597505 0.051679854968100666 0.05161957261540111
-0.25 0.5773502691896257 0.0206043117326834 0.02060158350495707
-0.25 0.769800358919501 0.05034784502659022 0.05046410237180469
-0.25 0.9622504486493763 0.9394856862670985 0.939530647724276
-0.25 1.1547005383792515 0.9472374968173153 0.9472230279450435
-0.25 1.3471506281091268 0.9407385019382094 0.9407495935885183
-0.25 1.539600717839002 0.05167985496810064 0.05161957261540111
-0.25 1.7320508075688772 0.020604311732683542 0.02060158350495732
-0.25 1.9245008972987525 0.05034784502658998 0.050464102371804494
-0.25 2.116950987028628 0.9394856862670988 0.939530647724276
-0.25 2.309401076758503 0.9472374968173155 0.947223027945043
-0.16666666666666666 -2.309401076758503 0.9668841858037178 0.9668901235581888
-0.16666666666666666 -2.116950987028628 0.9605180280558134 0.9605384607467584
-0.16666666666666666 -1.9245008972987525 0.20255660110263063 0.20237790896923188
-0.16666666666666666 -1.7320508075688772 0.01731118416294771 0.017311904666811442
-0.16666666666666666 -1.539600717839002 0.18850425358585057 0.1886697178032392
-0.16666666666666666 -1.3471506281091268 0.9596284114140338 0.9596555212057697
-0.16666666666666666 -1.1547005383792515 0.9668841858037182 0.9668901235581888
-0.16666666666666666 -0.9622504486493763 0.9605180280558135 0.9605384607467593
-0.16666666666666666 -0.769800358919501 0.20255660110263066 0.20237790896923175
-0.16666666666666666 -0.5773502691896257 0.017311184162947933 0.017311904666811654
-0.16666666666666666 -0.3849001794597505 0.1885042535858506 0.18866971780323927
-0.16666666666666666 -0.19245008972987526 0.9596284114140345 0.9596555212057697
-0.16666666666666666 0.0 0.9668841858037164 0.9668901235581893
-0.16666666666666666 0.19245008972987526 0.9605180280558138 0.9605384607467593
-0.16666666666666666 0.3849001794597505 0.2025566011026308 0.2023779089692318
-0.16666666666666666 0.5773502691896257 0.01731118416294789 0.017311904666811637
-0.16666666666666666 0.769800358919501 0.18850425358585057 0.1886697178032393
-0.16666666666666666 0.9622504486493763 0.9596284114140347 0.9596555212057689
-0.16666666666666666 1.1547005383792515 0.9668841858037163 0.9668901235581894
-0.16666666666666666 1.3471506281091268 0.9605180280558142 0.9605384607467595
-0.16666666666666666 1.539600717839002 0.2025566011026307 0.20237790896923166
-0.16666666666666666 1.7320508075688772 0.017311184162947774 0.017311904666811543
-0.16666666666666666 1.9245008972987525 0.18850425358585043 0.1886697178032392
-0.16666666666666666 2.116950987028628 0.9596284114140351 0.9596555212057687
-0.16666666666666666 2.309401076758503 0.9668841858037163 0.9668901235581892
-0.08333333333333333 -2.309401076758503 0.971682895636068 0.9716865591590091
-0.08333333333333333 -2.116950987028628 0.9682166377833408 0.9681810007324176
-0.08333333333333333 -1.9245008972987525 0.5447941698222091 0.5444487432022949
-0.08333333333333333 -1.7320508075688772 0.015640068963702965 0.01563529107534732
-0.08333333333333333 -1.539600717839002 0.509717035998183 0.5100662204545281
-0.08333333333333333 -1.3471506281091268 0.9679667086273295 0.9679451356152584
-0.08333333333333333 -1.1547005383792515 0.9716828956360685 0.9716865591590084
-0.08333333333333333 -0.9622504486493763 0.9682166377833415 0.9681810007324184
-0.08333333333333333 -0.769800358919501 0.5447941698222086 0.5444487432022946
-0.08333333333333333 -0.5773502691896257 0.015640068963703024 0.015635291075347384
-0.08333333333333333 -0.3849001794597505 0.5097170359981824 0.5100662204545281
-0.08333333333333333 -0.19245008972987526 0.9679667086273298 0.967945135615258
-0.08333333333333333 0.0 0.9716828956360685 0.9716865591590078
-0.08333333333333333 0.19245008972987526 0.9682166377833411 0.968181000732419
-0.08333333333333333 0.3849001794597505 0.5447941698222097 0.5444487432022951
-0.08333333333333333 0.5773502691896257 0.01564006896370298 0.015635291075347384
-0.08333333333333333 0.769800358919501 0.5097170359981813 0.5100662204545279
-0.08333333333333333 0.9622504486493763 0.9679667086273303 0.9679451356152586
-0.08333333333333333 1.1547005383792515 0.9716828956360684 0.9716865591590068
-0.08333333333333333 1.3471506281091268 0.9682166377833415 0.9681810007324199
-0.08333333333333333 1.539600717839002 0.5447941698222093 0.5444487432022952
-0.08333333333333333 1.7320508075688772 0.01564006896370303 0.01563529107534738
-0.08333333333333333 1.9245008972987525 0.5097170359981822 0.5100662204545279
-0.08333333333333333 2.116950987028628 0.9679667086273299 0.9679451356152585
-0.08333333333333333 2.309401076758503 0.9716828956360695 0.9716865591590077
0.0 -2.309401076758503 0.9703636829291662 0.9703509116102094
0.0 -2.116950987028628 0.9724138501270828 0.9723977203426027
0.0 -1.9245008972987525 0.6688945394729168 0.6689126998573968
0.0 -1.7320508075688772 0.015435712620833316 0.015422544389791657
0.0 -1.539600717839002 0.6688945394729192 0.6689126998573968
0.0 -1.3471506281091268 0.9724138501270817 0.972397720342603
0.0 -1.1547005383792515 0.9703636829291662 0.9703509116102094
0.0 -0.9622504486493763 0.9724138501270827 0.9723977203426025
0.0 -0.769800358919501 0.6688945394729173 0.668912699857397
0.0 -0.5773502691896257 0.015435712620833316 0.015422544389791657
0.0 -0.3849001794597505 0.6688945394729178 0.6689126998573969
0.0 -0.19245008972987526 0.9724138501270816 0.9723977203426031
0.0 0.0 0.9703636829291662 0.9703509116102094
0.0 0.19245008972987526 0.9724138501270816 0.9723977203426031
0.0 0.3849001794597505 0.6688945394729178 0.6689126998573969
0.0 0.5773502691896257 0.015435712620833316 0.015422544389791657
0.0 0.769800358919501 0.6688945394729173 0.668912699857397
0.0 0.9622504486493763 0.9724138501270827 0.9723977203426025
0.0 1.1547005383792515 0.9703636829291662 0.9703509116102094
0.0 1.3471506281091268 0.9724138501270817 0.972397720342603
0.0 1.539600717839002 0.6688945394729192 0.6689126998573968
0.0 1.7320508075688772 0.015435712620833316 0.015422544389791657
0.0 1.9245008972987525 0.6688945394729168 0.6689126998573968
0.0 2.116950987028628 0.9724138501270828 0.9723977203426027
0.0 2.309401076758503 0.9703636829291662 0.9703509116102094
0.08333333333333333 -2.309401076758503 0.9716828956360695 0.9716865591590077
0.08333333333333333 -2.116950987028628 0.9679667086273299 0.9679451356152585
0.08333333333333333 -1.9245008972987525 0.5097170359981822 0.5100662204545279
0.08333333333333333 -1.7320508075688772 0.01564006896370303 0.01563529107534738
0.08333333333333333 -1.539600717839002 0.5447941698222093 0.5444487432022952
0.08333333333333333 -1.3471506281091268 0.9682166377833415 0.9681810007324199
0.08333333333333333 -1.1547005383792515 0.9716828956360684 0.9716865591590068
0.08333333333333333 -0.9622504486493763 0.9679667086273303 0.9679451356152586
0.08333333333333333 -0.769800358919501 0.5097170359981813 0.5100662204545279
0.08333333333333333 -0.5773502691896257 0.01564006896370298 0.015635291075347384
0.08333333333333333 -0.3849001794597505 0.5447941698222097 0.5444487432022951
0.08333333333333333 -0.19245008972987526 0.9682166377833411 0.968181000732419
0.08333333333333333 0.0 0.9716828956360685 0.9716865591590078
0.08333333333333333 0.19245008972987526 0.9679667086273298 0.967945135615258
0.08333333333333333 0.3849001794597505 0.5097170359981824 0.5100662204545281
0.08333333333333333 0.5773502691896257 0.015640068963703024 0.015635291075347384
0.08333333333333333 0.769800358919501 0.5447941698222086 0.5444487432022946
0.08333333333333333 0.9622504486493763 0.9682166377833415 0.9681810007324184
0.08333333333333333 1.1547005383792515 0.9716828956360685 0.9716865591590084
0.08333333333333333 1.3471506281091268 0.9679667086273295 0.9679451356152584
0.08333333333333333 1.539600717839002 0.509717035998183 0.5100662204545281
0.08333333333333333 1.7320508075688772 0.015640068963702965 0.01563529107534732
0.08333333333333333 1.9245008972987525 0.5447941698222091 0.5444487432022949
0.08333333333333333 2.116950987028628 0.9682166377833408 0.9681810007324176
0.08333333333333333 2.309401076758503 0.971682895636068 0.9716865591590091
0.16666666666666666 -2.309401076758503 0.9668841858037163 0.9668901235581892
0.16666666666666666 -2.116950987028628 0.9596284114140351 0.9596555212057687
0.16666666666666666 -1.9245008972987525 0.18850425358585043 0.1886697178032392
0.16666666666666666 -1.7320508075688772 0.017311184162947774 0.017311904666811543
0.16666666666666666 -1.539600717839002 0.2025566011026307 0.20237790896923166
0.16666666666666666 -1.3471506281091268 0.9605180280558142 0.9605384607467595
0.16666666666666666 -1.1547005383792515 0.9668841858037163 0.9668901235581894
0.16666666666666666 -0.9622504486493763 0.9596284114140347 0.9596555212057689
0.16666666666666666 -0.769800358919501 0.18850425358585057 0.1886697178032393
0.16666666666666666 -0.5773502691896257 0.01731118416294789 0.017311904666811637
0.16666666666666666 -0.3849001794597505 0.2025566011026308 0.2023779089692318
0.16666666666666666 -0.19245008972987526 0.9605180280558138 0.9605384607467593
0.16666666666666666 0.0 0.9668841858037164 0.9668901235581893
0.16666666666666666 0.19245008972987526 0.9596284114140345 0.9596555212057697
0.16666666666666666 0.3849001794597505 0.1885042535858506 0.18866971780323927
0.16666666666666666 0.5773502691896257 0.017311184162947933 0.017311904666811654
0.16666666666666666 0.769800358919501 0.20255660110263066 0.20237790896923175
0.16666666666666666 0.9622504486493763 0.9605180280558135 0.9605384607467593
0.16666666666666666 1.1547005383792515 0.9668841858037182 0.9668901235581888
0.16666666666666666 1.3471506281091268 0.9596284114140338 0.9596555212057697
0.16666666666666666 1.539600717839002 0.18850425358585057 0.1886697178032392
0.16666666666666666 1.7320508075688772 0.01731118416294771 0.017311904666811442
0.16666666666666666 1.9245008972987525 0.20255660110263063 0.20237790896923188
0.16666666666666666 2.116950987028628 0.9605180280558134 0.9605384607467584
0.16666666666666666 2.309401076758503 0.9668841858037178 0.9668901235581888
0.25 -2.309401076758503 0.9472374968173155 0.947223027945043
0.25 -2.116950987028628 0.9394856862670988 0.939530647724276
0.25 -1.9245008972987525 0.05034784502658998 0.050464102371804494
0.25 -1.7320508075688772 0.020604311732683542 0.02060158350495732
0.25 -1.539600717839002 0.05167985496810064 0.05161957261540111
0.25 -1.3471506281091268 0.9407385019382094 0.9407495935885183
0.25 -1.1547005383792515 0.9472374968173153 0.9472230279450435
0.25 -0.9622504486493763 0.9394856862670985 0.939530647724276
0.25 -0.769800358919501 0.05034784502659022 0.05046410237180469
0.25 -0.5773502691896257 0.0206043117326834 0.02060158350495707
0.25 -0.3849001794597505 0.051679854968100666 0.05161957261540111
0.25 -0.19245008972987526 0.9407385019382098 0.9407495935885177
0.25 0.0 0.9472374968173152 0.9472230279450434
0.25 0.19245008972987526 0.9394856862670988 0.939530647724275
0.25 0.3849001794597505 0.050347845026590204 0.050464102371804556
0.25 0.5773502691896257 0.02060431173268339 0.020601583504957083
0.25 0.769800358919501 0.051679854968100666 0.051619572615401184
0.25 0.9622504486493763 0.9407385019382097 0.9407495935885176
0.25 1.1547005383792515 0.9472374968173154 0.9472230279450433
0.25 1.3471506281091268 0.9394856862670989 0.939530647724275
0.25 1.539600717839002 0.05034784502659016 0.0504641023718046
0.25 1.7320508075688772 0.020604311732683414 0.020601583504957166
0.25 1.9245008972987525 0.05167985496810057 0.05161957261540111
0.25 2.116950987028628 0.9407385019382105 0.9407495935885174
0.25 2.309401076758503 0.9472374968173158 0.947223027945043
0.3333333333333333 -2.309401076758503 0.892970525289584 0.8929542723926047
0.3333333333333333 -2.116950987028628 0.6866645676291682 0.6869026334839593
0.3333333333333333 -1.9245008972987525 0.0375725238645832 0.037530901366354195
0.3333333333333333 -1.7320508075688772 0.026613642760417264 0.026615966282396486
0.3333333333333333 -1.539600717839002 0.0375406038458336 0.0375440410160419
0.3333333333333333 -1.3471506281091268 0.694638509235418 0.6947771997586472
0.3333333333333333 -1.1547005383792515 0.8929705252895842 0.8929542723926043
0.3333333333333333 -0.9622504486493763 0.6866645676291684 0.6869026334839594
0.3333333333333333 -0.769800358919501 0.037572523864583145 0.037530901366354036
0.3333333333333333 -0.5773502691896257 0.026613642760416643 0.026615966282395834
0.3333333333333333 -0.3849001794597505 0.03754060384583329 0.037544041016041634
0.3333333333333333 -0.19245008972987526 0.6946385092354179 0.6947771997586478
0.3333333333333333 0.0 0.8929705252895839 0.892954272392605
0.3333333333333333 0.19245008972987526 0.6866645676291686 0.6869026334839593
0.3333333333333333 0.3849001794597505 0.03757252386458317 0.03753090136635413
0.3333333333333333 0.5773502691896257 0.02661364276041659 0.02661596628239575
0.3333333333333333 0.769800358919501 0.03754060384583322 0.03754404101604153
0.3333333333333333 0.9622504486493763 0.6946385092354179 0.6947771997586478
0.3333333333333333 1.1547005383792515 0.8929705252895833 0.8929542723926035
0.3333333333333333 1.3471506281091268 0.6866645676291692 0.6869026334839604
0.3333333333333333 1.539600717839002 0.037572523864583415 0.03753090136635447
0.3333333333333333 1.7320508075688772 0.026613642760417153 0.026615966282396347
0.3333333333333333 1.9245008972987525 0.03754060384583323 0.03754404101604168
0.3333333333333333 2.116950987028628 0.6946385092354179 0.6947771997586478
0.3333333333333333 2.309401076758503 0.8929705252895842 0.8929542723926045
0.4166666666666667 -2.309401076758503 0.4270190891497124 0.4271371661138048
0.4166666666666667 -2.116950987028628 0.18783607959126913 0.18789245663946075
0.4166666666666667 -1.9245008972987525 0.04161859846241042 0.041620513656187644
0.4166666666666667 -1.7320508075688772 0.04172734910051239 0.04172006205184077
0.4166666666666667 -1.539600717839002 0.04131786307720725 0.041338339973593555
0.4166666666666667 -1.3471506281091268 0.19166653203804895 0.1916103185762593
0.4166666666666667 -1.1547005383792515 0.4270190891497126 0.4271371661138049
0.4166666666666667 -0.9622504486493763 0.18783607959126863 0.18789245663946044
0.4166666666666667 -0.769800358919501 0.041618598462410575 0.04162051365618784
0.4166666666666667 -0.5773502691896257 0.041727349100512665 0.041720062051841145
0.4166666666666667 -0.3849001794597505 0.04131786307720725 0.041338339973593465
0.4166666666666667 -0.19245008972987526 0.19166653203804884 0.19161031857625874
0.4166666666666667 0.0 0.42701908914971254 0.427137166113804
0.4166666666666667 0.19245008972987526 0.1878360795912686 0.18789245663946044
0.4166666666666667 0.3849001794597505 0.04161859846241041 0.04162051365618752
0.4166666666666667 0.5773502691896257 0.041727349100512706 0.041720062051841145
0.4166666666666667 0.769800358919501 0.04131786307720728 0.041338339973593693
0.4166666666666667 0.9622504486493763 0.1916665320380488 0.19161031857625843
0.4166666666666667 1.1547005383792515 0.4270190891497126 0.4271371661138046
0.4166666666666667 1.3471506281091268 0.18783607959126888 0.1878924566394608
0.4166666666666667 1.539600717839002 0.04161859846241037 0.04162051365618755
0.4166666666666667 1.7320508075688772 0.0417273491005124 0.04172006205184084
0.4166666666666667 1.9245008972987525 0.04131786307720699 0.04133833997359333
0.4166666666666667 2.116950987028628 0.191666532038049 0.19161031857625888
0.4166666666666667 2.309401076758503 0.42701908914971276 0.42713716611380464
0.5 -2.309401076758503 0.0768177916083332 0.07683837144999994
0.5 -2.116950987028628 0.05546083818564122 0.05547218253150729
0.5 -1.9245008972987525 0.05546083818564157 0.0554721825315076
0.5 -1.7320508075688772 0.07681779160833338 0.0768383714500001
0.5 -1.539600717839002 0.05507827108102517 0.05507081156849242
0.5 -1.3471506281091268 0.05507827108102521 0.0550708115684924
0.5 -1.1547005383792515 0.07681779160833335 0.07683837145000015
0.5 -0.9622504486493763 0.05546083818564139 0.05547218253150751
0.5 -0.769800358919501 0.05546083818564132 0.05547218253150741
0.5 -0.5773502691896257 0.07681779160833328 0.07683837145000005
0.5 -0.3849001794597505 0.055078271081025185 0.05507081156849239
0.5 -0.19245008972987526 0.05507827108102528 0.05507081156849238
0.5 0.0 0.07681779160833328 0.07683837145000003
0.5 0.19245008972987526 0.05546083818564157 0.05547218253150755
0.5 0.3849001794597505 0.055460838185641445 0.0554721825315074
0.5 0.5773502691896257 0.07681779160833321 0.07683837144999996
0.5 0.769800358919501 0.05507827108102513 0.05507081156849223
0.5 0.9622504486493763 0.05507827108102531 0.055070811568492445
0.5 1.1547005383792515 0.07681779160833332 0.07683837145000007
0.5 1.3471506281091268 0.05546083818564167 0.05547218253150762
0.5 1.539600717839002 0.05546083818564128 0.05547218253150739
0.5 1.7320508075688772 0.07681779160833331 0.07683837145
0.5 1.9245008972987525 0.055078271081025074 0.055070811568492244
0.5 2.116950987028628 0.0550782710810252 0.0550708115684924
0.5 2.309401076758503 0.07681779160833323 0.07683837144999993
0.5833333333333334 -2.309401076758503 0.04172734910051293 0.041720062051841346
0.5833333333333334 -2.116950987028628 0.04161859846241066 0.0416205136561879
0.5833333333333334 -1.9245008972987525 0.18783607959126872 0.18789245663946066
0.5833333333333334 -1.7320508075688772 0.427019089149713 0.42713716611380487
0.5833333333333334 -1.539600717839002 0.19166653203804912 0.19161031857625896
0.5833333333333334 -1.3471506281091268 0.041317863077207154 0.0413383399735935
0.5833333333333334 -1.1547005383792515 0.041727349100512734 0.041720062051841256
0.5833333333333334 -0.9622504486493763 0.04161859846241038 0.0416205136561876
0.5833333333333334 -0.769800358919501 0.1878360795912686 0.18789245663946025
0.5833333333333334 -0.5773502691896257 0.42701908914971226 0.42713716611380387
0.5833333333333334 -0.3849001794597505 0.19166653203804881 0.19161031857625854
0.5833333333333334 -0.19245008972987526 0.041317863077207265 0.0413383399735936
0.5833333333333334 0.0 0.041727349100512845 0.04172006205184127
0.5833333333333334 0.19245008972987526 0.04161859846241048 0.041620513656187665
0.5833333333333334 0.3849001794597505 0.1878360795912685 0.18789245663946055
0.5833333333333334 0.5773502691896257 0.42701908914971215 0.4271371661138042
0.5833333333333334 0.769800358919501 0.19166653203804834 0.19161031857625865
0.5833333333333334 0.9622504486493763 0.04131786307720735 0.041338339973593645
0.5833333333333334 1.1547005383792515 0.041727349100512706 0.04172006205184125
0.5833333333333334 1.3471506281091268 0.041618598462410436 0.041620513656187685
0.5833333333333334 1.539600717839002 0.18783607959126922 0.18789245663946086
0.5833333333333334 1.7320508075688772 0.4270190891497129 0.42713716611380487
0.5833333333333334 1.9245008972987525 0.19166653203804865 0.19161031857625854
0.5833333333333334 2.116950987028628 0.041317863077207764 0.04133833997359393
0.5833333333333334 2.309401076758503 0.04172734910051293 0.041720062051841464
0.6666666666666666 -2.309401076758503 0.026613642760416067 0.026615966282395265
0.6666666666666666 -2.116950987028628 0.03757252386458326 0.037530901366354175
0.6666666666666666 -1.9245008972987525 0.6866645676291674 0.686902633483959
0.6666666666666666 -1.7320508075688772 0.8929705252895832 0.8929542723926034
0.6666666666666666 -1.539600717839002 0.6946385092354171 0.6947771997586466
0.6666666666666666 -1.3471506281091268 0.03754060384583303 0.0375440410160413
0.6666666666666666 -1.1547005383792515 0.026613642760416622 0.026615966282395848
0.6666666666666666 -0.9622504486493763 0.03757252386458328 0.03753090136635406
0.6666666666666666 -0.769800358919501 0.6866645676291673 0.686902633483959
0.6666666666666666 -0.5773502691896257 0.8929705252895834 0.8929542723926045
0.6666666666666666 -0.3849001794597505 0.6946385092354171 0.6947771997586465
0.6666666666666666 -0.19245008972987526 0.037540603845833326 0.03754404101604173
0.6666666666666666 0.0 0.026613642760416657 0.026615966282395882
0.6666666666666666 0.19245008972987526 0.03757252386458338 0.03753090136635415
0.6666666666666666 0.3849001794597505 0.6866645676291675 0.6869026334839586
0.6666666666666666 0.5773502691896257 0.892970525289584 0.8929542723926048
0.6666666666666666 0.769800358919501 0.6946385092354169 0.6947771997586469
0.6666666666666666 0.9622504486493763 0.03754060384583337 0.03754404101604174
0.6666666666666666 1.1547005383792515 0.026613642760416816 0.02661596628239598
0.6666666666666666 1.3471506281091268 0.03757252386458281 0.03753090136635373
0.6666666666666666 1.539600717839002 0.6866645676291672 0.6869026334839584
0.6666666666666666 1.7320508075688772 0.8929705252895838 0.8929542723926046
0.6666666666666666 1.9245008972987525 0.6946385092354169 0.6947771997586456
0.6666666666666666 2.116950987028628 0.03754060384583346 0.03754404101604173
0.6666666666666666 2.309401076758503 0.026613642760416178 0.026615966282395362
0.75 -2.309401076758503 0.020604311732683466 0.02060158350495716
0.75 -2.116950987028628 0.0503478450265904 0.05046410237180477
0.75 -1.9245008972987525 0.9394856862670987 0.939530647724275
0.75 -1.7320508075688772 0.9472374968173156 0.9472230279450423
0.75 -1.539600717839002 0.9407385019382098 0.9407495935885173
0.75 -1.3471506281091268 0.05167985496810032 0.05161957261540086
0.75 -1.1547005383792515 0.02060431173268351 0.020601583504957208
0.75 -0.9622504486493763 0.050347845026590135 0.0504641023718046
0.75 -0.769800358919501 0.9394856862670989 0.939530647724275
0.75 -0.5773502691896257 0.9472374968173148 0.947223027945043
0.75 -0.3849001794597505 0.9407385019382096 0.9407495935885174
0.75 -0.19245008972987526 0.05167985496810054 0.051619572615401024
0.75 0.0 0.020604311732683372 0.02060158350495707
0.75 0.19245008972987526 0.050347845026590066 0.05046410237180454
0.75 0.3849001794597505 0.9394856862670984 0.9395306477242755
0.75 0.5773502691896257 0.9472374968173151 0.9472230279450433
0.75 0.769800358919501 0.9407385019382088 0.9407495935885177
0.75 0.9622504486493763 0.051679854968100625 0.051619572615401156
0.75 1.1547005383792515 0.020604311732683546 0.020601583504957263
0.75 1.3471506281091268 0.05034784502658983 0.05046410237180433
0.75 1.539600717839002 0.9394856862670989 0.9395306477242761
0.75 1.7320508075688772 0.9472374968173153 0.9472230279450432
0.75 1.9245008972987525 0.9407385019382092 0.9407495935885184
0.75 2.116950987028628 0.051679854968100805 0.05161957261540142
0.75 2.309401076758503 0.020604311732683577 0.020601583504957322
0.8333333333333334 -2.309401076758503 0.01731118416294799 0.01731190466681176
0.8333333333333334 -2.116950987028628 0.18850425358585093 0.1886697178032398
0.8333333333333334 -1.9245008972987525 0.9596284114140339 0.9596555212057688
0.8333333333333334 -1.7320508075688772 0.9668841858037183 0.9668901235581892
0.8333333333333334 -1.539600717839002 0.9605180280558139 0.960538460746759
0.8333333333333334 -1.3471506281091268 0.20255660110263066 0.20237790896923114
0.8333333333333334 -1.1547005383792515 0.017311184162947933 0.0173119046668117
0.8333333333333334 -0.9622504486493763 0.18850425358585063 0.18866971780323968
0.8333333333333334 -0.769800358919501 0.959628411414034 0.9596555212057697
0.8333333333333334 -0.5773502691896257 0.9668841858037169 0.9668901235581887
0.8333333333333334 -0.3849001794597505 0.9605180280558138 0.9605384607467593
0.8333333333333334 -0.19245008972987526 0.20255660110263082 0.2023779089692316
0.8333333333333334 0.0 0.017311184162947937 0.017311904666811706
0.8333333333333334 0.19245008972987526 0.18850425358585046 0.18866971780323932
0.8333333333333334 0.3849001794597505 0.9596284114140349 0.959655521205769
0.8333333333333334 0.5773502691896257 0.9668841858037158 0.9668901235581898
0.8333333333333334 0.769800358919501 0.9605180280558138 0.9605384607467593
0.8333333333333334 0.9622504486493763 0.20255660110263105 0.20237790896923183
0.8333333333333334 1.1547005383792515 0.017311184162947926 0.017311904666811664
0.8333333333333334 1.3471506281091268 0.18850425358585024 0.18866971780323882
0.8333333333333334 1.539600717839002 0.9596284114140355 0.9596555212057689
0.8333333333333334 1.7320508075688772 0.9668841858037158 0.9668901235581892
0.8333333333333334 1.9245008972987525 0.9605180280558139 0.9605384607467596
0.8333333333333334 2.116950987028628 0.20255660110263143 0.20237790896923183
0.8333333333333334 2.309401076758503 0.017311184162948037 0.017311904666811713
0.9166666666666666 -2.309401076758503 0.01564006896370279 0.015635291075347175
0.9166666666666666 -2.116950987028628 0.509717035998183 0.5100662204545282
0.9166666666666666 -1.9245008972987525 0.9679667086273289 0.967945135615257
0.9166666666666666 -1.7320508075688772 0.9716828956360677 0.9716865591590081
0.9166666666666666 -1.539600717839002 0.9682166377833403 0.968181000732418
0.9166666666666666 -1.3471506281091268 0.5447941698222086 0.5444487432022953
0.9166666666666666 -1.1547005383792515 0.015640068963702992 0.015635291075347373
0.9166666666666666 -0.9622504486493763 0.5097170359981825 0.5100662204545282
0.9166666666666666 -0.769800358919501 0.9679667086273289 0.9679451356152579
0.9166666666666666 -0.5773502691896257 0.9716828956360679 0.971686559159008
0.9166666666666666 -0.3849001794597505 0.9682166377833409 0.9681810007324184
0.9166666666666666 -0.19245008972987526 0.544794169822209 0.5444487432022949
0.9166666666666666 0.0 0.015640068963703 0.015635291075347384
0.9166666666666666 0.19245008972987526 0.5097170359981823 0.5100662204545279
0.9166666666666666 0.3849001794597505 0.9679667086273293 0.9679451356152582
0.9166666666666666 0.5773502691896257 0.9716828956360684 0.9716865591590074
0.9166666666666666 0.769800358919501 0.9682166377833408 0.9681810007324191
0.9166666666666666 0.9622504486493763 0.5447941698222094 0.5444487432022953
0.9166666666666666 1.1547005383792515 0.01564006896370301 0.015635291075347425
0.9166666666666666 1.3471506281091268 0.5097170359981814 0.510066220454528
0.9166666666666666 1.539600717839002 0.967966708627329 0.9679451356152583
0.9166666666666666 1.7320508075688772 0.9716828956360684 0.9716865591590071
0.9166666666666666 1.9245008972987525 0.9682166377833406 0.9681810007324194
0.9166666666666666 2.116950987028628 0.5447941698222097 0.5444487432022954
0.9166666666666666 2.309401076758503 0.01564006896370278 0.015635291075347203
1.0 -2.309401076758503 0.015435712620833316 0.015422544389791657
1.0 -2.116950987028628 0.668894539472919 0.6689126998573969
1.0 -1.9245008972987525 0.9724138501270811 0.9723977203426031
1.0 -1.7320508075688772 0.9703636829291662 0.9703509116102094
1.0 -1.539600717839002 0.9724138501270821 0.9723977203426027
1.0 -1.3471506281091268 0.6688945394729173 0.6689126998573967
1.0 -1.1547005383792515 0.015435712620833316 0.015422544389791657
1.0 -0.9622504486493763 0.6688945394729189 0.6689126998573968
1.0 -0.769800358919501 0.9724138501270818 0.9723977203426027
1.0 -0.5773502691896257 0.9703636829291662 0.9703509116102094
1.0 -0.3849001794597505 0.9724138501270819 0.9723977203426026
1.0 -0.19245008972987526 0.6688945394729174 0.6689126998573967
1.0 0.0 0.015435712620833316 0.015422544389791657
1.0 0.19245008972987526 0.6688945394729173 0.6689126998573968
1.0 0.3849001794597505 0.9724138501270826 0.9723977203426027
1.0 0.5773502691896257 0.9703636829291662 0.9703509116102094
1.0 0.769800358919501 0.9724138501270818 0.9723977203426029
1.0 0.9622504486493763 0.6688945394729189 0.6689126998573971
1.0 1.1547005383792515 0.015435712620833316 0.015422544389791657
1.0 1.3471506281091268 0.6688945394729165 0.6689126998573965
1.0 1.539600717839002 0.9724138501270826 0.9723977203426031
1.0 1.7320508075688772 0.9703636829291662 0.9703509116102094
1.0 1.9245008972987525 0.9724138501270819 0.9723977203426031
1.0 2.116950987028628 0.6688945394729194 0.6689126998573967
1.0 2.309401076758503 0.015435712620833316 0.015422544389791657
1.0833333333333333 -2.309401076758503 0.015640068963702437 0.015635291075346783
1.0833333333333333 -2.116950987028628 0.5447941698222106 0.544448743202296
1.0833333333333333 -1.9245008972987525 0.9682166377833414 0.9681810007324184
1.0833333333333333 -1.7320508075688772 0.9716828956360688 0.9716865591590074
1.0833333333333333 -1.539600717839002 0.9679667086273301 0.9679451356152582
1.0833333333333333 -1.3471506281091268 0.5097170359981816 0.5100662204545281
1.0833333333333333 -1.1547005383792515 0.015640068963702854 0.01563529107534725
1.0833333333333333 -0.9622504486493763 0.5447941698222102 0.544448743202296
1.0833333333333333 -0.769800358919501 0.9682166377833413 0.9681810007324186
1.0833333333333333 -0.5773502691896257 0.971682895636069 0.971686559159008
1.0833333333333333 -0.3849001794597505 0.9679667086273298 0.9679451356152577
1.0833333333333333 -0.19245008972987526 0.5097170359981822 0.5100662204545283
1.0833333333333333 0.0 0.015640068963702645 0.01563529107534699
1.0833333333333333 0.19245008972987526 0.5447941698222095 0.5444487432022951
1.0833333333333333 0.3849001794597505 0.9682166377833421 0.9681810007324179
1.0833333333333333 0.5773502691896257 0.9716828956360682 0.9716865591590084
1.0833333333333333 0.769800358919501 0.967966708627329 0.9679451356152579
1.0833333333333333 0.9622504486493763 0.5097170359981832 0.5100662204545285
1.0833333333333333 1.1547005383792515 0.015640068963702885 0.01563529107534724
1.0833333333333333 1.3471506281091268 0.5447941698222092 0.5444487432022949
1.0833333333333333 1.539600717839002 0.9682166377833411 0.9681810007324175
1.0833333333333333 1.7320508075688772 0.9716828956360684 0.9716865591590084
1.0833333333333333 1.9245008972987525 0.9679667086273295 0.9679451356152575
1.0833333333333333 2.116950987028628 0.5097170359981835 0.5100662204545289
1.0833333333333333 2.309401076758503 0.015640068963702344 0.015635291075346745
1.1666666666666667 -2.309401076758503 0.017311184162947912 0.017311904666811685
1.1666666666666667 -2.116950987028628 0.20255660110263085 0.20237790896923172
1.1666666666666667 -1.9245008972987525 0.9605180280558142 0.9605384607467593
1.1666666666666667 -1.7320508075688772 0.9668841858037168 0.9668901235581892
1.1666666666666667 -1.539600717839002 0.9596284114140351 0.9596555212057689
1.1666666666666667 -1.3471506281091268 0.18850425358585013 0.18866971780323874
1.1666666666666667 -1.1547005383792515 0.017311184162947916 0.017311904666811706
1.1666666666666667 -0.9622504486493763 0.20255660110263093 0.20237790896923155
1.1666666666666667 -0.769800358919501 0.9605180280558138 0.9605384607467596
1.1666666666666667 -0.5773502691896257 0.9668841858037164 0.9668901235581893
1.1666666666666667 -0.3849001794597505 0.9596284114140343 0.9596555212057694
1.1666666666666667 -0.19245008972987526 0.18850425358585055 0.1886697178032393
1.1666666666666667 0.0 0.01731118416294791 0.01731190466681168
1.1666666666666667 0.19245008972987526 0.20255660110263096 0.2023779089692316
1.1666666666666667 0.3849001794597505 0.960518028055813 0.9605384607467593
1.1666666666666667 0.5773502691896257 0.966884185803717 0.9668901235581886
1.1666666666666667 0.769800358919501 0.959628411414034 0.9596555212057699
1.1666666666666667 0.9622504486493763 0.18850425358585046 0.18866971780323916
1.1666666666666667 1.1547005383792515 0.01731118416294799 0.017311904666811748
1.1666666666666667 1.3471506281091268 0.2025566011026304 0.20237790896923102
1.1666666666666667 1.539600717839002 0.9605180280558138 0.9605384607467589
1.1666666666666667 1.7320508075688772 0.9668841858037185 0.9668901235581893
1.1666666666666667 1.9245008972987525 0.9596284114140337 0.9596555212057691
1.1666666666666667 2.116950987028628 0.18850425358585082 0.18866971780323957
1.1666666666666667 2.309401076758503 0.017311184162947878 0.01731190466681167
1.25 -2.309401076758503 0.02060431173268353 0.02060158350495725
1.25 -2.116950987028628 0.05167985496810072 0.05161957261540124
1.25 -1.9245008972987525 0.940738501938209 0.9407495935885183
1.25 -1.7320508075688772 0.9472374968173153 0.947223027945043
1.25 -1.539600717839002 0.9394856862670985 0.9395306477242755
1.25 -1.3471506281091268 0.05034784502658966 0.05046410237180416
1.25 -1.1547005383792515 0.020604311732683622 0.02060158350495732
1.25 -0.9622504486493763 0.051679854968100264 0.05161957261540078
1.25 -0.769800358919501 0.9407385019382094 0.9407495935885178
1.25 -0.5773502691896257 0.9472374968173154 0.9472230279450435
1.25 -0.3849001794597505 0.9394856862670983 0.9395306477242754
1.25 -0.19245008972987526 0.0503478450265899 0.05046410237180443
1.25 0.0 0.020604311732683372 0.020601583504957124
1.25 0.19245008972987526 0.05167985496810042 0.05161957261540088
1.25 0.3849001794597505 0.9407385019382094 0.9407495935885175
1.25 0.5773502691896257 0.9472374968173153 0.9472230279450433
1.25 0.769800358919501 0.9394856862670985 0.9395306477242746
1.25 0.9622504486493763 0.050347845026589885 0.05046410237180428
1.25 1.1547005383792515 0.020604311732683518 0.020601583504957246
1.25 1.3471506281091268 0.051679854968100306 0.05161957261540076
1.25 1.539600717839002 0.9407385019382104 0.9407495935885181
1.25 1.7320508075688772 0.9472374968173155 0.9472230279450433
1.25 1.9245008972987525 0.9394856862670983 0.9395306477242742
1.25 2.116950987028628 0.05034784502659048 0.050464102371804806
1.25 2.309401076758503 0.020604311732683463 0.02060158350495721
1.3333333333333333 -2.309401076758503 0.026613642760416525 0.026615966282395834
1.3333333333333333 -2.116950987028628 0.03754060384583345 0.03754404101604178
1.3333333333333333 -1.9245008972987525 0.694638509235419 0.694777199758648
1.3333333333333333 -1.7320508075688772 0.8929705252895833 0.8929542723926047
1.3333333333333333 -1.539600717839002 0.6866645676291692 0.6869026334839603
1.3333333333333333 -1.3471506281091268 0.03757252386458283 0.03753090136635376
1.3333333333333333 -1.1547005383792515 0.026613642760416743 0.026615966282396063
1.3333333333333333 -0.9622504486493763 0.03754060384583341 0.0375440410160417
1.3333333333333333 -0.769800358919501 0.6946385092354187 0.6947771997586488
1.3333333333333333 -0.5773502691896257 0.8929705252895838 0.8929542723926052
1.3333333333333333 -0.3849001794597505 0.6866645676291692 0.6869026334839603
1.3333333333333333 -0.19245008972987526 0.037572523864583075 0.037530901366354036
1.3333333333333333 0.0 0.026613642760416507 0.026615966282395764
1.3333333333333333 0.19245008972987526 0.037540603845833145 0.037544041016041585
1.3333333333333333 0.3849001794597505 0.6946385092354184 0.6947771997586485
1.3333333333333333 0.5773502691896257 0.892970525289584 0.8929542723926047
1.3333333333333333 0.769800358919501 0.6866645676291693 0.6869026334839611
1.3333333333333333 0.9622504486493763 0.0375725238645833 0.03753090136635433
1.3333333333333333 1.1547005383792515 0.02661364276041672 0.02661596628239593
1.3333333333333333 1.3471506281091268 0.0375406038458329 0.03754404101604138
1.3333333333333333 1.539600717839002 0.6946385092354184 0.6947771997586483
1.3333333333333333 1.7320508075688772 0.8929705252895835 0.8929542723926036
1.3333333333333333 1.9245008972987525 0.6866645676291696 0.6869026334839614
1.3333333333333333 2.116950987028628 0.037572523864583374 0.03753090136635434
1.3333333333333333 2.309401076758503 0.026613642760416355 0.0266159662823955
1.4166666666666667 -2.309401076758503 0.04172734910051279 0.04172006205184128
1.4166666666666667 -2.116950987028628 0.04131786307720721 0.0413383399735934
1.4166666666666667 -1.9245008972987525 0.1916665320380486 0.19161031857625888
1.4166666666666667 -1.7320508075688772 0.4270190891497129 0.42713716611380514
1.4166666666666667 -1.539600717839002 0.18783607959126886 0.18789245663946078
1.4166666666666667 -1.3471506281091268 0.0416185984624103 0.04162051365618748
1.4166666666666667 -1.1547005383792515 0.04172734910051251 0.041720062051840937
1.4166666666666667 -0.9622504486493763 0.04131786307720718 0.041338339973593506
1.4166666666666667 -0.769800358919501 0.1916665320380486 0.191610318576259
1.4166666666666667 -0.5773502691896257 0.427019089149712 0.427137166113804
1.4166666666666667 -0.3849001794597505 0.1878360795912687 0.18789245663946066
1.4166666666666667 -0.19245008972987526 0.04161859846241048 0.04162051365618765
1.4166666666666667 0.0 0.041727349100512706 0.0417200620518412
1.4166666666666667 0.19245008972987526 0.041317863077207195 0.04133833997359351
1.4166666666666667 0.3849001794597505 0.19166653203804881 0.19161031857625885
1.4166666666666667 0.5773502691896257 0.42701908914971215 0.42713716611380415
1.4166666666666667 0.769800358919501 0.1878360795912688 0.18789245663946055
1.4166666666666667 0.9622504486493763 0.04161859846241035 0.04162051365618757
1.4166666666666667 1.1547005383792515 0.041727349100512484 0.041720062051840985
1.4166666666666667 1.3471506281091268 0.041317863077207154 0.04133833997359339
1.4166666666666667 1.539600717839002 0.1916665320380489 0.1916103185762587
1.4166666666666667 1.7320508075688772 0.4270190891497127 0.4271371661138051
1.4166666666666667 1.9245008972987525 0.1878360795912689 0.18789245663946078
1.4166666666666667 2.116950987028628 0.0416185984624103 0.041620513656187456
1.4166666666666667 2.309401076758503 0.04172734910051264 0.04172006205184116
1.5 -2.309401076758503 0.07681779160833294 0.0768383714499996
1.5 -2.116950987028628 0.05507827108102539 0.05507081156849248
1.5 -1.9245008972987525 0.05507827108102499 0.055070811568492195
1.5 -1.7320508075688772 0.07681779160833285 0.07683837144999957
1.5 -1.539600717839002 0.05546083818564142 0.05547218253150754
1.5 -1.3471506281091268 0.05546083818564149 0.05547218253150753
1.5 -1.1547005383792515 0.07681779160833287 0.07683837144999951
1.5 -0.9622504486493763 0.05507827108102506 0.055070811568492306
1.5 -0.769800358919501 0.055078271081025185 0.05507081156849229
1.5 -0.5773502691896257 0.07681779160833326 0.07683837145
1.5 -0.3849001794597505 0.055460838185641376 0.05547218253150738
1.5 -0.19245008972987526 0.055460838185641265 0.05547218253150729
1.5 0.0 0.0768177916083332 0.07683837144999994
1.5 0.19245008972987526 0.055078271081025074 0.05507081156849225
1.5 0.3849001794597505 0.05507827108102514 0.055070811568492174
1.5 0.5773502691896257 0.07681779160833324 0.07683837145000004
1.5 0.769800358919501 0.05546083818564149 0.05547218253150756
1.5 0.9622504486493763 0.055460838185641265 0.05547218253150731
1.5 1.1547005383792515 0.07681779160833285 0.07683837144999948
1.5 1.3471506281091268 0.05507827108102514 0.05507081156849223
1.5 1.539600717839002 0.05507827108102534 0.0550708115684925
1.5 1.7320508075688772 0.07681779160833277 0.07683837144999955
1.5 1.9245008972987525 0.05546083818564153 0.0554721825315075
1.5 2.116950987028628 0.05546083818564149 0.05547218253150756
1.5 2.309401076758503 0.07681779160833277 0.07683837144999964
1.5833333333333333 -2.309401076758503 0.42701908914971126 0.4271371661138035
1.5833333333333333 -2.116950987028628 0.19166653203804873 0.19161031857625865
1.5833333333333333 -1.9245008972987525 0.04131786307720707 0.04133833997359344
1.5833333333333333 -1.7320508075688772 0.04172734910051233 0.041720062051840714
1.5833333333333333 -1.539600717839002 0.04161859846241013 0.04162051365618732
1.5833333333333333 -1.3471506281091268 0.1878360795912686 0.18789245663946036
1.5833333333333333 -1.1547005383792515 0.42701908914971204 0.4271371661138039
1.5833333333333333 -0.9622504486493763 0.19166653203804876 0.19161031857625835
1.5833333333333333 -0.769800358919501 0.04131786307720706 0.04133833997359348
1.5833333333333333 -0.5773502691896257 0.04172734910051275 0.041720062051841145
1.5833333333333333 -0.3849001794597505 0.04161859846241024 0.041620513656187574
1.5833333333333333 -0.19245008972987526 0.18783607959126855 0.1878924566394603
1.5833333333333333 0.0 0.4270190891497118 0.4271371661138037
1.5833333333333333 0.19245008972987526 0.19166653203804837 0.19161031857625868
1.5833333333333333 0.3849001794597505 0.041317863077207154 0.04133833997359347
1.5833333333333333 0.5773502691896257 0.04172734910051279 0.041720062051841166
1.5833333333333333 0.769800358919501 0.04161859846241035 0.04162051365618754
1.5833333333333333 0.9622504486493763 0.1878360795912683 0.18789245663946041
1.5833333333333333 1.1547005383792515 0.427019089149712 0.4271371661138041
1.5833333333333333 1.3471506281091268 0.1916665320380484 0.19161031857625818
1.5833333333333333 1.539600717839002 0.04131786307720711 0.04133833997359337
1.5833333333333333 1.7320508075688772 0.041727349100512234 0.041720062051840624
1.5833333333333333 1.9245008972987525 0.04161859846241063 0.04162051365618772
1.5833333333333333 2.116950987028628 0.18783607959126863 0.18789245663946036
1.5833333333333333 2.309401076758503 0.427019089149711 0.42713716611380337
1.6666666666666667 -2.309401076758503 0.8929705252895833 0.8929542723926038
1.6666666666666667 -2.116950987028628 0.6946385092354178 0.6947771997586467
1.6666666666666667 -1.9245008972987525 0.037540603845832896 0.03754404101604121
1.6666666666666667 -1.7320508075688772 0.02661364276041708 0.0266159662823963
1.6666666666666667 -1.539600717839002 0.03757252386458339 0.037530901366354404
1.6666666666666667 -1.3471506281091268 0.6866645676291689 0.6869026334839601
1.6666666666666667 -1.1547005383792515 0.8929705252895836 0.8929542723926043
1.6666666666666667 -0.9622504486493763 0.6946385092354176 0.6947771997586476
1.6666666666666667 -0.769800358919501 0.037540603845833374 0.03754404101604185
1.6666666666666667 -0.5773502691896257 0.02661364276041671 0.026615966282395924
1.6666666666666667 -0.3849001794597505 0.0375725238645831 0.037530901366354064
1.6666666666666667 -0.19245008972987526 0.6866645676291693 0.6869026334839595
1.6666666666666667 0.0 0.8929705252895838 0.8929542723926048
1.6666666666666667 0.19245008972987526 0.6946385092354181 0.694777199758648
1.6666666666666667 0.3849001794597505 0.03754060384583317 0.03754404101604168
1.6666666666666667 0.5773502691896257 0.02661364276041675 0.02661596628239596
1.6666666666666667 0.769800358919501 0.03757252386458331 0.03753090136635429
1.6666666666666667 0.9622504486493763 0.6866645676291685 0.6869026334839596
1.6666666666666667 1.1547005383792515 0.8929705252895849 0.8929542723926045
1.6666666666666667 1.3471506281091268 0.6946385092354181 0.6947771997586473
1.6666666666666667 1.539600717839002 0.03754060384583362 0.03754404101604194
1.6666666666666667 1.7320508075688772 0.02661364276041723 0.026615966282396465
1.6666666666666667 1.9245008972987525 0.03757252386458293 0.0375309013663539
1.6666666666666667 2.116950987028628 0.6866645676291683 0.6869026334839592
1.6666666666666667 2.309401076758503 0.8929705252895836 0.8929542723926046
1.75 -2.309401076758503 0.9472374968173157 0.9472230279450424
1.75 -2.116950987028628 0.9407385019382097 0.9407495935885176
1.75 -1.9245008972987525 0.05167985496810033 0.05161957261540081
1.75 -1.7320508075688772 0.020604311732683463 0.0206015835049572
1.75 -1.539600717839002 0.05034784502659018 0.05046410237180457
1.75 -1.3471506281091268 0.9394856862670994 0.9395306477242749
1.75 -1.1547005383792515 0.9472374968173153 0.9472230279450427
1.75 -0.9622504486493763 0.9407385019382102 0.9407495935885177
1.75 -0.769800358919501 0.05167985496810079 0.05161957261540132
1.75 -0.5773502691896257 0.02060431173268354 0.02060158350495727
1.75 -0.3849001794597505 0.05034784502659026 0.0504641023718046
1.75 -0.19245008972987526 0.9394856862670986 0.9395306477242743
1.75 0.0 0.9472374968173151 0.9472230279450431
1.75 0.19245008972987526 0.9407385019382091 0.9407495935885183
1.75 0.3849001794597505 0.05167985496810065 0.05161957261540118
1.75 0.5773502691896257 0.020604311732683588 0.020601583504957277
1.75 0.769800358919501 0.0503478450265904 0.05046410237180472
1.75 0.9622504486493763 0.9394856862670987 0.9395306477242754
1.75 1.1547005383792515 0.9472374968173157 0.9472230279450433
1.75 1.3471506281091268 0.9407385019382094 0.9407495935885186
1.75 1.539600717839002 0.0516798549681006 0.051619572615401205
1.75 1.7320508075688772 0.020604311732683584 0.020601583504957263
1.75 1.9245008972987525 0.05034784502658983 0.05046410237180419
1.75 2.116950987028628 0.939485686267098 0.939530647724275
1.75 2.309401076758503 0.9472374968173155 0.9472230279450431
1.8333333333333333 -2.309401076758503 0.9668841858037179 0.9668901235581887
1.8333333333333333 -2.116950987028628 0.9605180280558133 0.9605384607467582
1.8333333333333333 -1.9245008972987525 0.20255660110262994 0.2023779089692309
1.8333333333333333 -1.7320508075688772 0.017311184162947742 0.0173119046668115
1.8333333333333333 -1.539600717839002 0.18850425358585027 0.18866971780323857
1.8333333333333333 -1.3471506281091268 0.9596284114140344 0.959655521205769
1.8333333333333333 -1.1547005383792515 0.966884185803718 0.9668901235581888
1.8333333333333333 -0.9622504486493763 0.9605180280558134 0.9605384607467584
1.8333333333333333 -0.769800358919501 0.20255660110263066 0.202377908969231
1.8333333333333333 -0.5773502691896257 0.017311184162948186 0.017311904666811914
1.8333333333333333 -0.3849001794597505 0.1885042535858503 0.18866971780323885
1.8333333333333333 -0.19245008972987526 0.9596284114140343 0.9596555212057691
1.8333333333333333 0.0 0.966884185803717 0.9668901235581887
1.8333333333333333 0.19245008972987526 0.9605180280558138 0.960538460746759
1.8333333333333333 0.3849001794597505 0.2025566011026306 0.20237790896923116
1.8333333333333333 0.5773502691896257 0.017311184162948197 0.017311904666811928
1.8333333333333333 0.769800358919501 0.18850425358585018 0.1886697178032389
1.8333333333333333 0.9622504486493763 0.9596284114140342 0.9596555212057682
1.8333333333333333 1.1547005383792515 0.9668841858037164 0.9668901235581892
1.8333333333333333 1.3471506281091268 0.9605180280558145 0.9605384607467595
1.8333333333333333 1.539600717839002 0.20255660110263063 0.20237790896923105
1.8333333333333333 1.7320508075688772 0.017311184162947878 0.01731190466681163
1.8333333333333333 1.9245008972987525 0.18850425358585 0.18866971780323857
1.8333333333333333 2.116950987028628 0.959628411414035 0.9596555212057679
1.8333333333333333 2.309401076758503 0.9668841858037166 0.966890123558189
1.9166666666666667 -2.309401076758503 0.9716828956360686 0.9716865591590089
1.9166666666666667 -2.116950987028628 0.9682166377833409 0.9681810007324179
1.9166666666666667 -1.9245008972987525 0.5447941698222091 0.5444487432022947
1.9166666666666667 -1.7320508075688772 0.015640068963702788 0.01563529107534716
1.9166666666666667 -1.539600717839002 0.5097170359981826 0.5100662204545282
1.9166666666666667 -1.3471506281091268 0.9679667086273291 0.9679451356152572
1.9166666666666667 -1.1547005383792515 0.9716828956360687 0.971686559159008
1.9166666666666667 -0.9622504486493763 0.9682166377833415 0.9681810007324186
1.9166666666666667 -0.769800358919501 0.5447941698222093 0.5444487432022954
1.9166666666666667 -0.5773502691896257 0.01564006896370254 0.01563529107534687
1.9166666666666667 -0.3849001794597505 0.5097170359981824 0.510066220454528
1.9166666666666667 -0.19245008972987526 0.9679667086273301 0.9679451356152579
1.9166666666666667 0.0 0.9716828956360687 0.9716865591590083
1.9166666666666667 0.19245008972987526 0.9682166377833413 0.9681810007324186
1.9166666666666667 0.3849001794597505 0.5447941698222094 0.5444487432022949
1.9166666666666667 0.5773502691896257 0.01564006896370256 0.015635291075346933
1.9166666666666667 0.769800358919501 0.509717035998182 0.5100662204545283
1.9166666666666667 0.9622504486493763 0.96796670862733 0.9679451356152586
1.9166666666666667 1.1547005383792515 0.9716828956360688 0.9716865591590081
1.9166666666666667 1.3471506281091268 0.9682166377833409 0.9681810007324194
1.9166666666666667 1.539600717839002 0.5447941698222097 0.5444487432022953
1.9166666666666667 1.7320508075688772 0.015640068963702944 0.015635291075347293
1.9166666666666667 1.9245008972987525 0.509717035998182 0.5100662204545282
1.9166666666666667 2.116950987028628 0.9679667086273301 0.9679451356152577
1.9166666666666667 2.309401076758503 0.9716828956360692 0.9716865591590084
2.0 -2.309401076758503 0.9703636829291662 0.9703509116102094
2.0 -2.116950987028628 0.9724138501270821 0.9723977203426026
2.0 -1.9245008972987525 0.6688945394729165 0.6689126998573967
2.0 -1.7320508075688772 0.015435712620833316 0.015422544389791657
2.0 -1.539600717839002 0.6688945394729192 0.668912699857397
2.0 -1.3471506281091268 0.9724138501270817 0.9723977203426032
2.0 -1.1547005383792515 0.9703636829291662 0.9703509116102094
2.0 -0.9622504486493763 0.9724138501270826 0.972397720342603
2.0 -0.769800358919501 0.6688945394729167 0.6689126998573969
2.0 -0.5773502691896257 0.015435712620833316 0.015422544389791657
2.0 -0.3849001794597505 0.6688945394729181 0.6689126998573971
2.0 -0.19245008972987526 0.9724138501270821 0.972397720342603
2.0 0.0 0.9703636829291662 0.9703509116102094
2.0 0.19245008972987526 0.972413850127082 0.9723977203426033
2.0 0.3849001794597505 0.6688945394729187 0.6689126998573973
2.0 0.5773502691896257 0.015435712620833316 0.015422544389791657
2.0 0.769800358919501 0.6688945394729168 0.668912699857397
2.0 0.9622504486493763 0.9724138501270826 0.9723977203426031
2.0 1.1547005383792515 0.9703636829291662 0.9703509116102094
2.0 1.3471506281091268 0.9724138501270818 0.9723977203426034
2.0 1.539600717839002 0.6688945394729195 0.6689126998573969
2.0 1.7320508075688772 0.015435712620833316 0.015422544389791657
2.0 1.9245008972987525 0.6688945394729165 0.6689126998573968
2.0 2.116950987028628 0.9724138501270819 0.9723977203426023
2.0 2.309401076758503 0.9703636829291662 0.9703509116102094
