36
-5.675959735204859
-4.757980158051268
-3.73571063676477
-3.735710636764767
-3.397308952678524
-2.9938959242361194
-2.993895924236117
-1.9173038053094689
-1.9173038053094673
-1.8113115872896561
-0.7147137247054315
-0.7147137247054299
-0.23982441828940046
0.1520707962101658
0.1520707962101668
0.31257501490907597
0.31257501490907774
0.674189015517974
0.6741890155179745
0.9999999999999958
0.9999999999999997
1.0997746516489888
1.4798053129398738
1.4798053129398767
1.6146278975263069
1.6146278975263073
2.030144767820883
2.0516225141208797
2.0516225141208815
2.0767335397915097
2.0767335397915105
2.0954072956977434
2.409097468948056
2.5456139756066354
2.8284958223875587
2.873850869403846
