72
-5.9087321431142135
-5.6391699698336435
-5.20379541999501
-4.622619196455804
-3.924758727123436
-3.924758727123436
-3.9220435167458816
-3.7030396213677323
-3.7030396213677297
-3.3466236713466317
-3.3466236713466313
-3.133370015420976
-2.8743870216879515
-2.874387021687951
-2.3112302352251652
-2.3112302352251635
-2.291046173554792
-1.6867362058248314
-1.6867362058248294
-1.4307621941344857
-1.0338444470063173
-1.0338444470063164
-0.5875266060336956
-0.38897570294101447
-0.38897570294101386
0.04439634408970846
0.04439634408970863
0.13653344426402664
0.13653344426402717
0.20612586857057402
0.24994326442753417
0.24994326442753473
0.3656095052606285
0.36560950526062963
0.6474732141110506
0.6474732141110522
0.7446972069987298
0.7446972069987302
0.9215488172918729
0.9999999999999993
0.9999999999999996
1.1540045888462769
1.1540045888462773
1.3981429117921118
1.398142911792113
1.5033839485269698
1.5033839485269713
1.5341675830266819
1.7574032999991067
1.7574032999991072
1.8053722350618475
1.8053722350618489
2.008753973986941
2.0280355654712956
2.0280355654712965
2.028742849892168
2.043526637338219
2.043526637338222
2.132860195490345
2.194121609608161
2.1941216096081635
2.1969518567274027
2.196951856727403
2.2258672713772825
2.407822899922875
2.4171832396751776
2.6157232910735697
2.6661134862049316
2.8161275279085243
2.845228660110864
2.952882612118591
2.9599169586381056
